0 0.144792 0.603241 0.021875 0.043519
0 0.377865 0.730556 0.020313 0.030556
0 0.483464 0.612269 0.026823 0.061574
0 0.423047 0.605556 0.016406 0.035185
0 0.457292 0.445370 0.034375 0.035185
0 0.149870 0.031019 0.052344 0.061111
0 0.042969 0.136111 0.045312 0.074074
0 0.026172 0.266898 0.045052 0.087500
0 0.020964 0.174769 0.041406 0.078241
0 0.154948 0.226157 0.044271 0.073611
0 0.135286 0.150926 0.063281 0.079630
0 0.173698 0.150231 0.021875 0.031944
0 0.129167 0.096759 0.019792 0.028704
0 0.120964 0.368981 0.026823 0.050926
0 0.165495 0.324769 0.064323 0.092130
0 0.159766 0.376157 0.016406 0.019907
0 0.162240 0.462269 0.049479 0.075463
0 0.196094 0.455093 0.021875 0.057407
0 0.183594 0.530556 0.043229 0.066667
0 0.115365 0.530093 0.051562 0.098148
0 0.173047 0.678704 0.058073 0.127778
0 0.154297 0.919907 0.050781 0.068519
0 0.237370 0.923843 0.037240 0.054167
0 0.207422 0.975231 0.036198 0.046759
0 0.161719 0.834259 0.068229 0.097222
0 0.229818 0.693519 0.028906 0.060185
0 0.175521 0.770833 0.011979 0.019444
0 0.010417 0.562269 0.009375 0.017130
0 0.217448 0.173843 0.038021 0.046759
0 0.234115 0.118519 0.037500 0.066667
0 0.231120 0.037269 0.022656 0.031019
0 0.307943 0.117130 0.042448 0.062963
0 0.415495 0.034028 0.045052 0.067130
0 0.374349 0.296991 0.023698 0.043981
0 0.402995 0.211111 0.022656 0.037037
0 0.366667 0.213194 0.071875 0.114352
0 0.245443 0.254630 0.020052 0.029630
0 0.251693 0.520833 0.036719 0.067593
0 0.462370 0.343056 0.042969 0.063889
0 0.404297 0.531481 0.046094 0.074074
0 0.411719 0.458333 0.041146 0.079630
0 0.447917 0.776852 0.021875 0.039815
0 0.356641 0.909028 0.044531 0.064352
0 0.558594 0.579398 0.027604 0.048611
0 0.439193 0.696528 0.045052 0.058796
0 0.649349 0.619444 0.025781 0.046296
