0 0.737370 0.102315 0.059115 0.125926
0 0.723047 0.268056 0.047656 0.086111
0 0.697526 0.399306 0.031510 0.052315
0 0.879297 0.231019 0.047656 0.112963
0 0.911719 0.126620 0.054167 0.084722
0 0.924870 0.023380 0.040365 0.044907
0 0.847266 0.052083 0.074740 0.103241
0 0.850391 0.156019 0.029948 0.052778
0 0.802865 0.199769 0.068229 0.143056
0 0.779297 0.303704 0.044531 0.069444
0 0.781250 0.343750 0.049479 0.056944
0 0.882292 0.496528 0.043750 0.088426
0 0.896094 0.372917 0.047396 0.081944
0 0.751302 0.426157 0.067187 0.146759
0 0.825781 0.475231 0.065625 0.143981
0 0.713802 0.575463 0.057813 0.093519
0 0.721094 0.685648 0.071354 0.137037
0 0.689844 0.931019 0.034375 0.048148
0 0.742448 0.831019 0.015104 0.025926
0 0.714323 0.822222 0.040104 0.077778
0 0.788021 0.746065 0.078125 0.122685
0 0.857422 0.842593 0.013281 0.030556
0 0.767318 0.941667 0.070052 0.115741
0 0.827865 0.831019 0.073438 0.150000
0 0.696745 0.981481 0.048177 0.034259
0 0.988542 0.820370 0.021875 0.091667
0 0.985417 0.594444 0.027604 0.071296
0 0.975521 0.476852 0.046875 0.123148
0 0.956771 0.710185 0.019271 0.035185
0 0.718490 0.947222 0.019792 0.036111
