0 0.280859 0.106250 0.081510 0.098611
0 0.283073 0.527546 0.015625 0.033796
0 0.388542 0.343981 0.015625 0.037963
0 0.463542 0.516435 0.015625 0.026389
0 0.482292 0.490046 0.029167 0.053241
0 0.441146 0.348148 0.025521 0.040741
0 0.457682 0.157176 0.058594 0.111574
0 0.419271 0.142593 0.062500 0.062037
0 0.530599 0.546296 0.023698 0.034259
0 0.517318 0.501157 0.017448 0.033796
0 0.539844 0.598843 0.022396 0.032870
0 0.448047 0.456019 0.020573 0.039815
0 0.041146 0.218056 0.063542 0.079630
0 0.093490 0.105556 0.113542 0.210185
0 0.026042 0.614583 0.028125 0.068056
0 0.013151 0.572685 0.025781 0.062037
0 0.024479 0.488657 0.048438 0.118981
0 0.043490 0.418056 0.042188 0.104630
0 0.066667 0.513889 0.024479 0.037963
0 0.011979 0.877083 0.023438 0.151389
0 0.107813 0.978472 0.041667 0.039352
0 0.124870 0.931019 0.022656 0.041667
0 0.125521 0.863194 0.066667 0.093981
0 0.131641 0.749306 0.038802 0.081944
0 0.208724 0.941667 0.035677 0.050926
0 0.248698 0.981944 0.041146 0.032407
0 0.277344 0.906019 0.050000 0.115741
0 0.214844 0.612269 0.025521 0.042130
0 0.221224 0.817130 0.104427 0.142593
0 0.244141 0.568519 0.024740 0.040741
0 0.283724 0.630093 0.014323 0.035185
0 0.221745 0.433796 0.073698 0.125000
0 0.214453 0.279398 0.076823 0.160648
0 0.218620 0.140741 0.042969 0.044444
0 0.313672 0.264352 0.111719 0.175926
0 0.263021 0.561806 0.010417 0.015278
0 0.313021 0.802315 0.009896 0.028704
0 0.347396 0.116435 0.047917 0.074537
0 0.385417 0.112269 0.029167 0.025463
0 0.436719 0.062269 0.083333 0.092130
0 0.491667 0.119907 0.028125 0.055556
0 0.511198 0.067130 0.021354 0.040741
0 0.581250 0.085648 0.091146 0.136111
0 0.555469 0.199769 0.037500 0.043056
0 0.480469 0.346296 0.067708 0.143519
0 0.385547 0.387269 0.017448 0.032870
0 0.356120 0.486806 0.093490 0.149537
0 0.311589 0.613194 0.017969 0.054167
0 0.354427 0.596528 0.066667 0.076389
0 0.414193 0.416204 0.026823 0.030556
0 0.503125 0.398380 0.015625 0.029167
0 0.414193 0.882407 0.060677 0.146296
0 0.354948 0.749074 0.052604 0.093519
0 0.393750 0.682639 0.067187 0.068981
0 0.319922 0.684028 0.020573 0.030093
0 0.332943 0.875231 0.067448 0.106944
0 0.336849 0.393519 0.026302 0.044444
0 0.294401 0.741667 0.031510 0.064815
0 0.366536 0.350694 0.016406 0.029167
