0 0.253516 0.071991 0.038802 0.031019
0 0.471094 0.862269 0.056771 0.067130
0 0.501563 0.242824 0.036458 0.092130
0 0.799479 0.477083 0.057813 0.109722
0 0.987891 0.805093 0.024219 0.058333
0 0.870573 0.524769 0.018229 0.046759
0 0.849219 0.162269 0.066667 0.094907
0 0.944141 0.086343 0.075781 0.120833
0 0.882031 0.088889 0.040104 0.081481
0 0.978646 0.320370 0.016667 0.023148
0 0.024219 0.084954 0.047917 0.168981
0 0.261068 0.256019 0.023177 0.032407
0 0.198698 0.242593 0.022396 0.029630
0 0.138021 0.115741 0.053125 0.091667
0 0.086068 0.304630 0.055990 0.080556
0 0.123698 0.281019 0.049479 0.092593
0 0.123047 0.206944 0.057552 0.109259
0 0.138542 0.376157 0.028646 0.046759
0 0.269141 0.030093 0.036198 0.032407
0 0.311068 0.520833 0.042448 0.054630
0 0.029818 0.373380 0.017448 0.027315
0 0.157292 0.531019 0.025000 0.036111
0 0.071094 0.536111 0.068229 0.112037
0 0.017969 0.556019 0.034896 0.092593
0 0.066667 0.639120 0.018229 0.046759
0 0.116667 0.699306 0.043750 0.088426
0 0.011198 0.946759 0.021875 0.097222
0 0.048698 0.904630 0.037500 0.081481
0 0.277083 0.699769 0.068750 0.094907
0 0.303516 0.856944 0.053385 0.143519
0 0.344271 0.274769 0.058333 0.101389
0 0.450521 0.034028 0.061979 0.067130
0 0.390495 0.097917 0.072656 0.132870
0 0.488802 0.325231 0.054167 0.070833
0 0.444141 0.328241 0.071094 0.114815
0 0.486849 0.182176 0.049740 0.091204
0 0.509766 0.073843 0.019010 0.031944
0 0.543490 0.057407 0.039583 0.043519
0 0.519271 0.014352 0.027083 0.027778
0 0.385417 0.637731 0.044271 0.073611
0 0.369792 0.729861 0.058333 0.083796
0 0.631641 0.652546 0.068490 0.124537
0 0.576302 0.706481 0.050521 0.102778
0 0.699349 0.810880 0.076823 0.108796
0 0.738542 0.581481 0.041146 0.072222
0 0.673568 0.439120 0.027344 0.048611
0 0.539844 0.561343 0.030208 0.048611
0 0.547396 0.418056 0.084375 0.139815
0 0.690495 0.304630 0.042448 0.068519
0 0.670964 0.245602 0.032552 0.050463
0 0.643490 0.234491 0.021875 0.054167
0 0.586589 0.129398 0.064323 0.096759
0 0.571745 0.304630 0.026823 0.037963
0 0.576042 0.253704 0.034375 0.061111
0 0.615625 0.252315 0.043750 0.039815
0 0.638542 0.178241 0.040625 0.045370
0 0.715495 0.113194 0.043490 0.068981
0 0.677474 0.045602 0.063802 0.090278
0 0.674349 0.131019 0.046094 0.075000
0 0.684245 0.190972 0.035677 0.046759
0 0.728646 0.415046 0.111979 0.155093
0 0.896094 0.880093 0.029167 0.060185
0 0.845443 0.722222 0.023698 0.036111
0 0.993620 0.866667 0.011198 0.039815
0 0.831120 0.950231 0.039323 0.067130
0 0.771745 0.556019 0.026302 0.042593
0 0.919271 0.578241 0.056771 0.119444
0 0.809115 0.561343 0.051042 0.109722
0 0.778516 0.757639 0.042448 0.099537
0 0.797396 0.869907 0.054167 0.090741
0 0.559896 0.595370 0.071875 0.139815
0 0.937891 0.391667 0.051823 0.096296
0 0.598568 0.035417 0.038802 0.057870
0 0.569271 0.161111 0.044271 0.092593
0 0.326693 0.163426 0.039323 0.063889
0 0.479036 0.268981 0.023177 0.039815
0 0.353516 0.675000 0.027344 0.038889
0 0.896745 0.027083 0.016927 0.031944
0 0.820833 0.800231 0.022396 0.037500
