0 0.261198 0.177083 0.019271 0.041204
0 0.461589 0.449769 0.038281 0.076389
0 0.427995 0.449769 0.022135 0.038426
0 0.589193 0.959954 0.055469 0.079167
0 0.705469 0.264120 0.022917 0.027315
0 0.712891 0.221296 0.027865 0.040741
0 0.740495 0.254630 0.020573 0.055556
0 0.668099 0.987269 0.051302 0.024537
0 0.958594 0.531019 0.025000 0.053704
0 0.952474 0.474769 0.029427 0.052315
0 0.986719 0.667593 0.026042 0.039815
0 0.983724 0.831481 0.016927 0.046296
0 0.881510 0.190278 0.057813 0.085185
0 0.032813 0.043519 0.054167 0.086111
0 0.126693 0.172454 0.071094 0.113426
0 0.016146 0.389352 0.031771 0.102778
0 0.035026 0.563657 0.069531 0.117130
0 0.057943 0.595370 0.050781 0.080556
0 0.030469 0.687269 0.058333 0.128241
0 0.104818 0.768519 0.026302 0.046296
0 0.080469 0.789120 0.034896 0.073611
0 0.072266 0.681019 0.024740 0.039815
0 0.051693 0.780556 0.026302 0.075926
0 0.046224 0.837269 0.026823 0.043056
0 0.055599 0.874769 0.029427 0.066204
0 0.020573 0.784259 0.040625 0.087963
0 0.020833 0.940046 0.041146 0.083796
0 0.046745 0.976852 0.021094 0.037963
0 0.274219 0.964120 0.036979 0.068056
0 0.236719 0.969907 0.040104 0.056481
0 0.202995 0.547685 0.057552 0.085185
0 0.261068 0.545139 0.079948 0.147685
0 0.247917 0.436343 0.038021 0.069907
0 0.219271 0.369907 0.034375 0.048148
0 0.292318 0.315509 0.036198 0.071759
0 0.332813 0.399306 0.066667 0.150463
0 0.398047 0.273843 0.028906 0.046759
0 0.398568 0.181019 0.016927 0.030556
0 0.339323 0.233333 0.021354 0.038889
0 0.252344 0.243056 0.042708 0.076852
0 0.246615 0.312269 0.061458 0.086574
0 0.327344 0.138194 0.074479 0.118056
0 0.549740 0.099769 0.040104 0.078241
0 0.472396 0.161806 0.034896 0.059722
0 0.566667 0.518981 0.063021 0.086111
0 0.552214 0.653241 0.025260 0.042593
0 0.511719 0.590278 0.044271 0.074074
0 0.515495 0.529167 0.023698 0.035185
0 0.403516 0.722917 0.076823 0.154167
0 0.455469 0.645833 0.064583 0.133333
0 0.449740 0.749769 0.038542 0.071759
0 0.526042 0.772222 0.067187 0.087963
0 0.600391 0.779630 0.058594 0.094444
0 0.551302 0.857176 0.041146 0.075463
0 0.425521 0.951157 0.020833 0.049537
0 0.410417 0.890046 0.031250 0.041204
0 0.443099 0.980093 0.045573 0.039815
0 0.521094 0.987269 0.025000 0.023611
0 0.474870 0.848380 0.054948 0.111574
0 0.635547 0.837269 0.025781 0.056944
0 0.634766 0.925694 0.038281 0.069907
0 0.708464 0.151852 0.056510 0.100926
0 0.746224 0.180093 0.016927 0.041667
0 0.783464 0.295370 0.055469 0.123148
0 0.658464 0.381019 0.104948 0.138889
0 0.714323 0.484954 0.019271 0.036574
0 0.666016 0.784028 0.042969 0.089352
0 0.757943 0.758796 0.032552 0.085185
0 0.757422 0.618981 0.025781 0.045370
0 0.675391 0.905093 0.012240 0.032407
0 0.751042 0.862269 0.053125 0.106019
0 0.811719 0.693519 0.075521 0.145370
0 0.808594 0.881019 0.065625 0.105556
0 0.855990 0.089815 0.092708 0.178704
0 0.908464 0.556481 0.078906 0.140741
0 0.862240 0.674769 0.057813 0.102315
0 0.860547 0.865741 0.048177 0.064815
0 0.866667 0.926620 0.054688 0.068981
0 0.841667 0.901852 0.025000 0.039815
0 0.839323 0.976157 0.037500 0.043981
0 0.746224 0.080093 0.026823 0.041667
0 0.386719 0.943056 0.024479 0.069444
