0 0.646745 0.413889 0.039323 0.072222
0 0.706641 0.371065 0.082552 0.117130
0 0.743750 0.300694 0.056250 0.115278
0 0.796745 0.033565 0.039844 0.058796
0 0.668620 0.175694 0.057031 0.093981
0 0.675391 0.091667 0.042448 0.062037
0 0.672396 0.271065 0.020833 0.038426
0 0.714844 0.023843 0.080729 0.046759
0 0.744401 0.120833 0.063802 0.069444
0 0.747396 0.465741 0.043750 0.114815
0 0.718620 0.562269 0.079427 0.095833
0 0.687370 0.656481 0.032031 0.055556
0 0.723568 0.637269 0.051823 0.059722
0 0.676172 0.888889 0.089323 0.161111
0 0.711589 0.777546 0.032031 0.064352
0 0.659896 0.742130 0.020833 0.033333
0 0.744792 0.976157 0.026042 0.042130
0 0.827344 0.694444 0.059896 0.080556
0 0.911589 0.117593 0.049740 0.062037
0 0.918620 0.057870 0.029948 0.055556
0 0.969792 0.179630 0.060417 0.083333
0 0.963672 0.022917 0.023698 0.044907
0 0.960547 0.106019 0.032552 0.054630
0 0.985547 0.076157 0.028385 0.061574
0 0.906641 0.274769 0.017448 0.032870
0 0.916146 0.210417 0.054167 0.093981
0 0.946224 0.275231 0.063802 0.062500
0 0.968099 0.349306 0.063802 0.121759
0 0.952865 0.236806 0.013021 0.027315
0 0.888021 0.416667 0.064583 0.084259
0 0.895312 0.327083 0.067187 0.096759
0 0.986719 0.512731 0.025521 0.128241
0 0.835547 0.487269 0.058073 0.113426
0 0.949089 0.471065 0.035156 0.047685
0 0.941667 0.624306 0.037500 0.077315
0 0.840495 0.790741 0.073177 0.106481
0 0.931120 0.759722 0.085156 0.085185
0 0.973568 0.733102 0.052865 0.076389
0 0.800521 0.937963 0.072917 0.124074
0 0.843099 0.872685 0.079948 0.086111
0 0.882422 0.940741 0.022656 0.048148
0 0.902474 0.909722 0.033073 0.065741
0 0.955990 0.833565 0.088021 0.113426
0 0.860417 0.983333 0.050521 0.029630
0 0.929167 0.960880 0.081771 0.078241
0 0.993099 0.935648 0.013802 0.038889
0 0.976302 0.658796 0.045833 0.085185
0 0.960417 0.534028 0.018750 0.032870
0 0.854818 0.928472 0.036198 0.072685
0 0.924219 0.534491 0.058854 0.086574
0 0.894922 0.481481 0.064844 0.072222
0 0.837370 0.603241 0.082552 0.112037
0 0.895443 0.591667 0.051823 0.106481
0 0.945573 0.690278 0.027604 0.055556
