0 0.091016 0.501852 0.030990 0.065741
0 0.260417 0.243519 0.025000 0.035185
0 0.275521 0.218981 0.028646 0.045370
0 0.102474 0.283333 0.045052 0.075000
0 0.197917 0.413194 0.058333 0.062500
0 0.033594 0.368519 0.058333 0.127778
0 0.036719 0.296065 0.025000 0.038426
0 0.066016 0.181019 0.097135 0.125926
0 0.092839 0.080556 0.024740 0.059259
0 0.101172 0.017593 0.033594 0.034259
0 0.110547 0.104167 0.023177 0.042593
0 0.155339 0.087731 0.064844 0.098611
0 0.182422 0.190741 0.032552 0.068519
0 0.252865 0.059954 0.081250 0.118981
0 0.227865 0.174306 0.033854 0.086574
0 0.270443 0.152083 0.060677 0.088426
0 0.150000 0.344444 0.056250 0.119444
0 0.120703 0.458102 0.049740 0.111574
0 0.027083 0.514583 0.053646 0.175463
0 0.119141 0.660880 0.063802 0.111574
0 0.074870 0.837269 0.077344 0.104167
0 0.008594 0.814583 0.016667 0.083796
0 0.020443 0.912269 0.023177 0.053241
0 0.044271 0.970833 0.031250 0.054630
0 0.106250 0.971759 0.047396 0.054630
0 0.253516 0.669907 0.042448 0.086111
0 0.304297 0.549306 0.066927 0.146759
0 0.351042 0.459954 0.068750 0.114352
0 0.202995 0.228704 0.027344 0.043519
0 0.379948 0.180093 0.049479 0.086111
0 0.326823 0.019676 0.034375 0.038426
0 0.153646 0.602778 0.038021 0.073148
