0 0.988021 0.348843 0.023958 0.063426
0 0.947396 0.306019 0.033333 0.044444
0 0.954167 0.133102 0.073958 0.125463
0 0.947917 0.224306 0.043750 0.081944
0 0.982943 0.226852 0.025781 0.049074
0 0.968750 0.506019 0.043750 0.058333
0 0.974870 0.577083 0.028385 0.083796
0 0.946875 0.645370 0.059896 0.108333
0 0.937370 0.742361 0.045573 0.074537
0 0.971094 0.809491 0.021875 0.067130
0 0.947917 0.849769 0.025000 0.031019
0 0.921745 0.911806 0.016406 0.032870
0 0.946745 0.925694 0.039323 0.092130
0 0.981120 0.912269 0.037760 0.142130
