0 0.108594 0.162500 0.062500 0.100000
0 0.061719 0.014352 0.034896 0.027778
0 0.074349 0.046528 0.014323 0.022685
0 0.049740 0.109259 0.027083 0.047222
0 0.058594 0.235185 0.015625 0.037037
0 0.061719 0.199306 0.019792 0.030093
0 0.061589 0.167593 0.017969 0.032407
0 0.055990 0.139352 0.017188 0.026852
0 0.104167 0.094907 0.027083 0.039815
0 0.141667 0.018056 0.017708 0.035185
0 0.044141 0.399769 0.041406 0.068056
0 0.202474 0.281481 0.026823 0.037037
0 0.221745 0.307407 0.029948 0.032407
0 0.198568 0.342361 0.047135 0.037500
0 0.044141 0.453009 0.028906 0.041204
0 0.015495 0.443519 0.030469 0.037037
0 0.023698 0.510880 0.046354 0.074537
0 0.016667 0.574769 0.022396 0.057870
0 0.026693 0.616204 0.026302 0.064815
0 0.008724 0.826620 0.016927 0.043056
0 0.011198 0.924306 0.021875 0.056019
0 0.016797 0.884954 0.013281 0.020833
0 0.144271 0.861806 0.025521 0.047685
0 0.119271 0.897222 0.037500 0.025926
0 0.261198 0.806019 0.024479 0.042593
0 0.289844 0.922454 0.018750 0.038426
0 0.286068 0.876389 0.029948 0.052778
0 0.246745 0.399769 0.020573 0.050463
0 0.234896 0.424769 0.027604 0.043056
0 0.240495 0.272454 0.022656 0.047685
0 0.231641 0.149769 0.017448 0.028241
0 0.307292 0.110880 0.028646 0.070833
0 0.274870 0.138426 0.020573 0.024074
0 0.268099 0.287269 0.020573 0.039352
0 0.274089 0.318519 0.018490 0.019444
0 0.297005 0.305324 0.026823 0.063426
0 0.298698 0.249306 0.025000 0.046759
0 0.322396 0.282870 0.019792 0.037037
0 0.280339 0.195139 0.028385 0.048611
0 0.262500 0.079630 0.043750 0.046296
0 0.253646 0.109954 0.018229 0.028241
0 0.212891 0.476157 0.038802 0.046759
0 0.283073 0.528009 0.015625 0.033796
0 0.314714 0.858333 0.030469 0.058333
0 0.352995 0.841435 0.026823 0.037500
0 0.298047 0.762269 0.017448 0.028241
0 0.340495 0.738657 0.022656 0.043056
0 0.354818 0.778704 0.050781 0.035185
0 0.411719 0.693519 0.025000 0.046296
0 0.426172 0.937269 0.030469 0.040278
0 0.430469 0.903241 0.022917 0.033333
0 0.430339 0.860648 0.026302 0.050926
0 0.361068 0.599306 0.016406 0.040278
0 0.342448 0.622454 0.018229 0.031944
0 0.373568 0.543519 0.034115 0.035185
0 0.392969 0.466204 0.019271 0.051852
0 0.392188 0.430093 0.018750 0.027778
0 0.321094 0.443519 0.016146 0.032407
0 0.379297 0.578009 0.017969 0.027315
0 0.325521 0.535417 0.030208 0.056944
0 0.356120 0.453704 0.020573 0.027778
0 0.382422 0.689120 0.020573 0.031019
0 0.396745 0.864352 0.020573 0.035185
0 0.414193 0.831019 0.033073 0.042593
0 0.350521 0.318981 0.034375 0.056481
0 0.388542 0.344444 0.015625 0.037963
0 0.329818 0.250694 0.010156 0.022685
0 0.339193 0.193519 0.020052 0.029630
0 0.463542 0.516898 0.015625 0.026389
0 0.475521 0.481019 0.015625 0.035185
0 0.488021 0.502083 0.019271 0.031019
0 0.442969 0.343519 0.021875 0.031481
0 0.457813 0.312269 0.021354 0.038426
0 0.471745 0.180556 0.030469 0.064815
0 0.441667 0.182870 0.028125 0.048148
0 0.428646 0.087269 0.025000 0.037500
0 0.444141 0.036343 0.020573 0.031019
0 0.409245 0.050694 0.022656 0.045833
0 0.419271 0.142593 0.062500 0.062037
0 0.467318 0.073843 0.020052 0.055093
0 0.496745 0.137269 0.016927 0.026389
0 0.461068 0.384259 0.022135 0.071296
0 0.530599 0.546759 0.023698 0.034259
0 0.517318 0.501620 0.017448 0.033796
0 0.539844 0.598843 0.022396 0.032870
0 0.448047 0.456019 0.020573 0.039815
0 0.549740 0.095833 0.025521 0.041667
0 0.552344 0.059259 0.023958 0.039815
0 0.576172 0.039352 0.039844 0.037037
0 0.617318 0.079167 0.016927 0.031481
0 0.589844 0.124769 0.037500 0.055093
0 0.481120 0.374769 0.020052 0.029167
0 0.609896 0.048148 0.027604 0.036111
1 0.041276 0.218056 0.063802 0.079630
1 0.093490 0.105556 0.113542 0.210185
1 0.026042 0.615046 0.028125 0.068056
1 0.013281 0.573148 0.026042 0.062037
1 0.024479 0.489120 0.048438 0.118981
1 0.043490 0.418056 0.042188 0.104630
1 0.066667 0.513889 0.024479 0.037963
1 0.011979 0.877546 0.023438 0.151389
1 0.107813 0.978935 0.041667 0.039352
1 0.125000 0.931019 0.022396 0.041667
1 0.125651 0.863657 0.066927 0.093981
1 0.131901 0.749306 0.038802 0.081944
1 0.208724 0.941667 0.035677 0.050926
1 0.248698 0.982407 0.041146 0.032407
1 0.277344 0.906019 0.050000 0.115741
1 0.214974 0.612731 0.025781 0.042130
1 0.221224 0.817130 0.104427 0.142593
1 0.244141 0.568981 0.024740 0.040741
1 0.283724 0.630093 0.014323 0.035185
1 0.221875 0.434259 0.073958 0.125000
1 0.220833 0.263889 0.064583 0.127778
1 0.218750 0.140741 0.043229 0.044444
1 0.314193 0.265509 0.112760 0.177315
1 0.263021 0.561806 0.010417 0.015278
1 0.313151 0.802315 0.010156 0.028704
1 0.347396 0.116898 0.047917 0.074537
1 0.385417 0.112731 0.029167 0.025463
1 0.436719 0.062731 0.083333 0.092130
1 0.491927 0.120370 0.028125 0.055556
1 0.511458 0.067361 0.021354 0.040278
1 0.581510 0.086111 0.091146 0.136111
1 0.555469 0.200231 0.037500 0.043056
1 0.481641 0.331019 0.065365 0.112963
1 0.385677 0.387731 0.017188 0.032870
1 0.356380 0.486806 0.093490 0.149537
1 0.311589 0.613657 0.017969 0.054167
1 0.354687 0.596528 0.066667 0.076389
1 0.414193 0.416204 0.026823 0.030556
1 0.503125 0.398380 0.015625 0.029167
1 0.414453 0.882639 0.060677 0.146759
1 0.363542 0.723843 0.019792 0.043056
1 0.377214 0.676389 0.033594 0.054630
1 0.320052 0.684028 0.020833 0.030093
1 0.333203 0.875694 0.067448 0.106944
1 0.337109 0.393981 0.026302 0.044444
1 0.290234 0.741898 0.036719 0.067130
