0 0.028646 0.178009 0.020833 0.022685
0 0.029167 0.199769 0.015625 0.018056
0 0.050521 0.234491 0.014583 0.015278
0 0.069141 0.207870 0.024740 0.038889
0 0.104948 0.181019 0.013021 0.035185
0 0.144141 0.072685 0.022656 0.052778
0 0.169922 0.112269 0.027344 0.037500
0 0.171745 0.078935 0.023698 0.026389
0 0.169271 0.056944 0.018750 0.030556
0 0.187370 0.207176 0.021094 0.037500
0 0.249740 0.172454 0.018229 0.025463
0 0.285938 0.050694 0.014583 0.031944
0 0.279948 0.021296 0.018750 0.041667
0 0.052474 0.329630 0.016927 0.043519
0 0.023568 0.404398 0.035677 0.061574
0 0.139193 0.378241 0.029948 0.049074
0 0.164844 0.320602 0.024479 0.062500
0 0.196615 0.417593 0.027083 0.055556
0 0.084896 0.481019 0.018750 0.020370
0 0.043620 0.491667 0.016406 0.033333
0 0.006380 0.457176 0.012240 0.063426
0 0.284245 0.537269 0.026302 0.041204
0 0.130990 0.426157 0.024479 0.044907
0 0.107292 0.465972 0.021354 0.052315
0 0.091016 0.520833 0.021094 0.033333
0 0.023568 0.532407 0.035677 0.042593
0 0.012630 0.568981 0.024740 0.035185
0 0.108724 0.624306 0.020573 0.038426
0 0.156771 0.623380 0.014583 0.026389
0 0.162240 0.587269 0.020833 0.040278
0 0.141667 0.646991 0.021354 0.056944
0 0.257422 0.693056 0.036198 0.041667
0 0.102344 0.702315 0.025000 0.026852
0 0.104167 0.846759 0.016146 0.037963
0 0.050521 0.833333 0.021875 0.057407
0 0.065495 0.874769 0.021615 0.026389
0 0.094792 0.969676 0.022917 0.037500
0 0.118099 0.963426 0.023698 0.037037
0 0.086719 0.816204 0.020833 0.053704
0 0.376172 0.188194 0.029948 0.058796
0 0.333073 0.018519 0.018750 0.036111
0 0.312370 0.495833 0.027344 0.042593
0 0.322396 0.538657 0.027083 0.043981
0 0.294792 0.600231 0.025000 0.043981
0 0.356120 0.423843 0.049219 0.038426
0 0.349219 0.498843 0.024479 0.032870
0 0.329297 0.460417 0.023698 0.076389
0 0.319271 0.599769 0.029167 0.045833
1 0.260547 0.243981 0.025260 0.035185
1 0.275521 0.219444 0.028646 0.045370
1 0.102474 0.283796 0.045052 0.075000
1 0.197917 0.413657 0.058333 0.062500
1 0.033594 0.368981 0.058333 0.127778
1 0.036979 0.296065 0.025000 0.038426
1 0.066016 0.181481 0.097135 0.125926
1 0.092839 0.080787 0.024740 0.059722
1 0.101172 0.017824 0.033594 0.034722
1 0.110807 0.104167 0.023177 0.042593
1 0.153255 0.081481 0.060156 0.085185
1 0.182682 0.190972 0.032552 0.068056
1 0.252865 0.059954 0.081250 0.118981
1 0.227865 0.174306 0.033854 0.086574
1 0.270573 0.152546 0.060937 0.088426
1 0.150130 0.344907 0.056510 0.119444
1 0.120443 0.450926 0.050260 0.097222
1 0.027083 0.491898 0.053646 0.129167
1 0.119141 0.660880 0.063802 0.111574
1 0.074870 0.837731 0.077344 0.104167
1 0.008594 0.815046 0.016667 0.083796
1 0.020443 0.912269 0.023177 0.053241
1 0.044271 0.971296 0.031250 0.054630
1 0.106510 0.972222 0.047396 0.054630
1 0.253516 0.670370 0.042448 0.086111
1 0.304297 0.549306 0.066927 0.146759
1 0.351172 0.459954 0.068490 0.114352
1 0.202995 0.228704 0.027344 0.043519
1 0.379948 0.180093 0.049479 0.086111
1 0.326823 0.019907 0.034375 0.038889
