0 0.825521 0.021065 0.022396 0.041204
0 0.932943 0.025231 0.022135 0.038426
0 0.913542 0.029630 0.018750 0.029630
0 0.849740 0.171528 0.026562 0.027315
0 0.888672 0.200694 0.026302 0.051389
0 0.835547 0.068519 0.022656 0.043519
0 0.736198 0.151157 0.043750 0.031019
0 0.714844 0.250231 0.028646 0.043981
0 0.730469 0.293519 0.028646 0.035185
0 0.795964 0.219907 0.018490 0.031481
0 0.823047 0.152315 0.014323 0.024074
0 0.791667 0.322917 0.018750 0.032870
0 0.807422 0.454398 0.025781 0.063426
0 0.842318 0.436343 0.029427 0.054167
0 0.881120 0.493519 0.023177 0.045370
0 0.990495 0.474769 0.017969 0.031944
0 0.976172 0.525926 0.017448 0.025926
0 0.850521 0.481019 0.021875 0.029630
0 0.714844 0.542593 0.021354 0.032407
0 0.727995 0.559259 0.016927 0.023148
0 0.786589 0.705093 0.022135 0.041667
0 0.714193 0.723380 0.023177 0.058796
0 0.729818 0.697454 0.027344 0.043056
0 0.723568 0.634491 0.026823 0.036574
0 0.778646 0.764583 0.024479 0.033796
0 0.720573 0.831019 0.028125 0.052778
0 0.802344 0.873148 0.021875 0.038889
0 0.832943 0.866667 0.035677 0.079630
0 0.824219 0.826389 0.027083 0.050000
0 0.841667 0.774769 0.011458 0.034722
0 0.850521 0.818056 0.022396 0.018519
0 0.856120 0.789120 0.010156 0.035648
0 0.783464 0.795602 0.017969 0.015278
0 0.801172 0.822222 0.014323 0.037963
0 0.989714 0.793519 0.020052 0.034259
0 0.742448 0.959954 0.018750 0.044907
0 0.780339 0.985648 0.025260 0.025000
0 0.759375 0.968519 0.018750 0.028704
0 0.783073 0.912269 0.037500 0.056019
1 0.737370 0.102315 0.059115 0.125926
1 0.723177 0.268056 0.047396 0.086111
1 0.697266 0.401620 0.031510 0.052315
1 0.879297 0.231481 0.047656 0.112963
1 0.911719 0.127083 0.054167 0.084722
1 0.924870 0.023380 0.040365 0.044907
1 0.849349 0.060648 0.070573 0.087037
1 0.850391 0.156019 0.029948 0.052778
1 0.802865 0.199769 0.068229 0.143056
1 0.779297 0.303935 0.044531 0.069907
1 0.772526 0.337731 0.032031 0.043981
1 0.882292 0.496528 0.043750 0.088426
1 0.896224 0.372917 0.047656 0.081944
1 0.749870 0.418981 0.064323 0.131481
1 0.846615 0.506019 0.032292 0.082407
1 0.711068 0.591667 0.048698 0.058333
1 0.720573 0.688657 0.070312 0.131944
1 0.689974 0.931481 0.034115 0.048148
1 0.742448 0.831019 0.015104 0.025926
1 0.714583 0.822685 0.040104 0.077778
1 0.788021 0.746065 0.078125 0.122685
1 0.857422 0.842593 0.013281 0.030556
1 0.767318 0.941667 0.070052 0.115741
1 0.827865 0.831481 0.073438 0.150000
1 0.696875 0.981944 0.047917 0.034259
1 0.988672 0.820833 0.021615 0.091667
1 0.985547 0.594907 0.027344 0.071296
1 0.975651 0.476852 0.047135 0.123148
1 0.956771 0.710648 0.019271 0.035185
