0 0.027995 0.293519 0.021094 0.034259
0 0.154167 0.243519 0.030208 0.031481
0 0.166016 0.209954 0.023698 0.040278
0 0.157292 0.171528 0.018750 0.043056
0 0.141667 0.140278 0.020833 0.027778
0 0.216146 0.179167 0.020833 0.032407
0 0.167318 0.483102 0.029427 0.033796
0 0.124349 0.531019 0.032552 0.101852
0 0.159896 0.722222 0.031771 0.034259
0 0.190495 0.687269 0.018490 0.043056
0 0.146745 0.850463 0.020573 0.037037
0 0.137370 0.822917 0.017448 0.046759
0 0.144792 0.603241 0.021875 0.043519
0 0.381771 0.731481 0.012500 0.029630
0 0.449740 0.696991 0.022396 0.049537
0 0.427995 0.687731 0.016406 0.031944
0 0.483464 0.612269 0.026823 0.061574
0 0.423047 0.605556 0.016406 0.035185
0 0.395443 0.552778 0.023177 0.027778
0 0.399219 0.439815 0.015625 0.029630
0 0.460417 0.446296 0.028125 0.036111
0 0.383464 0.218519 0.017448 0.037963
0 0.348438 0.184259 0.034375 0.051852
0 0.423438 0.050694 0.027083 0.031019
0 0.401042 0.027778 0.013021 0.033333
0 0.458724 0.359954 0.020573 0.030093
1 0.150000 0.031019 0.052604 0.061111
1 0.042969 0.136574 0.045312 0.074074
1 0.026302 0.267361 0.044792 0.087500
1 0.020964 0.175000 0.041406 0.077778
1 0.154948 0.226620 0.044271 0.073611
1 0.127344 0.149306 0.046875 0.076389
1 0.173698 0.150694 0.021875 0.031944
1 0.129167 0.097222 0.019792 0.028704
1 0.120964 0.369444 0.026823 0.050926
1 0.165495 0.324769 0.064323 0.092130
1 0.159766 0.376620 0.016406 0.019907
1 0.162240 0.462269 0.049479 0.075463
1 0.196094 0.455093 0.021875 0.057407
1 0.183594 0.530556 0.043229 0.066667
1 0.115365 0.530093 0.051562 0.098148
1 0.173047 0.678704 0.058073 0.127778
1 0.154297 0.920370 0.050781 0.068519
1 0.237500 0.923843 0.037500 0.054167
1 0.207682 0.975694 0.036198 0.046759
1 0.161719 0.834722 0.068229 0.097222
1 0.229818 0.693519 0.028906 0.060185
1 0.175521 0.771296 0.011979 0.019444
1 0.010547 0.562731 0.009115 0.017130
1 0.217578 0.174074 0.038281 0.047222
1 0.234115 0.118981 0.037500 0.066667
1 0.231120 0.037731 0.022656 0.031019
1 0.308073 0.117130 0.042188 0.062963
1 0.415625 0.034028 0.045312 0.067130
1 0.374349 0.296991 0.023698 0.043981
1 0.403125 0.211574 0.022396 0.037037
1 0.366667 0.213657 0.071875 0.114352
1 0.245443 0.254630 0.020052 0.029630
1 0.251693 0.521296 0.036719 0.067593
1 0.462370 0.343056 0.042969 0.063889
1 0.404557 0.531944 0.046094 0.074074
1 0.411719 0.458796 0.041146 0.079630
1 0.447917 0.776852 0.021875 0.039815
1 0.356641 0.909028 0.044531 0.064352
1 0.558854 0.579861 0.027604 0.048611
1 0.439193 0.696528 0.045052 0.058796
1 0.649609 0.619907 0.025781 0.046296
