0 0.037370 0.034954 0.022656 0.064352
0 0.012370 0.053241 0.024219 0.038889
0 0.011068 0.149769 0.017969 0.039352
0 0.041146 0.090972 0.016146 0.049537
0 0.141146 0.191204 0.018750 0.047222
0 0.110417 0.246065 0.021354 0.026389
0 0.152474 0.135880 0.020573 0.043056
0 0.328646 0.167593 0.031771 0.047222
0 0.253516 0.071991 0.038802 0.031019
0 0.258724 0.025231 0.014323 0.019907
0 0.140625 0.084028 0.018750 0.024537
0 0.092318 0.530556 0.023698 0.028704
0 0.075521 0.498380 0.018750 0.028241
0 0.106120 0.729630 0.013802 0.021296
0 0.127474 0.707870 0.026823 0.056481
0 0.114193 0.668981 0.037240 0.031481
0 0.309766 0.896759 0.026302 0.062037
0 0.283594 0.758565 0.016146 0.029167
0 0.308724 0.694444 0.016927 0.034259
0 0.270443 0.732176 0.012240 0.023611
0 0.321094 0.821759 0.016146 0.050000
0 0.415365 0.137269 0.024479 0.043981
0 0.387370 0.153241 0.013802 0.022222
0 0.375521 0.136806 0.015625 0.028241
0 0.370443 0.098843 0.027344 0.055093
0 0.391146 0.056481 0.057292 0.052778
0 0.435417 0.056019 0.025000 0.020370
0 0.466146 0.035417 0.028646 0.056944
0 0.421745 0.318056 0.022656 0.034259
0 0.430599 0.362269 0.029427 0.042130
0 0.467318 0.362269 0.021094 0.026389
0 0.457292 0.299306 0.030208 0.053241
0 0.383073 0.687731 0.031771 0.033796
0 0.471094 0.862269 0.056771 0.067130
0 0.477995 0.153009 0.028906 0.048611
0 0.481250 0.206944 0.021875 0.030556
0 0.500521 0.182870 0.021875 0.032407
0 0.505990 0.215046 0.027604 0.035648
0 0.502344 0.265741 0.035417 0.043519
0 0.508073 0.327778 0.018750 0.058333
0 0.519271 0.387269 0.024479 0.039352
0 0.560547 0.382407 0.058594 0.070370
0 0.569271 0.463657 0.032292 0.048611
0 0.519792 0.440509 0.019271 0.033796
0 0.542318 0.448380 0.026823 0.055093
0 0.562891 0.131944 0.014844 0.036111
0 0.605990 0.151389 0.020313 0.038889
0 0.581641 0.194676 0.019010 0.029167
0 0.585547 0.604630 0.016927 0.051852
0 0.560417 0.569444 0.018750 0.057407
0 0.556641 0.631019 0.033073 0.068519
0 0.576823 0.674769 0.018229 0.036574
0 0.552995 0.050231 0.022135 0.031944
0 0.613021 0.668519 0.030729 0.053704
0 0.639193 0.653472 0.051823 0.124537
0 0.712370 0.830093 0.049740 0.062963
0 0.703516 0.781019 0.026302 0.046296
0 0.784245 0.726620 0.023698 0.031944
0 0.788021 0.787731 0.021875 0.031944
0 0.816016 0.889352 0.016406 0.039815
0 0.801172 0.862731 0.016927 0.030093
0 0.821094 0.593519 0.021354 0.041667
0 0.798698 0.538194 0.028125 0.042130
0 0.806641 0.450694 0.043490 0.056019
0 0.762370 0.462269 0.040365 0.044907
0 0.756120 0.402778 0.052344 0.075926
0 0.701042 0.380093 0.056250 0.068519
0 0.699740 0.439120 0.055208 0.054167
0 0.694792 0.318519 0.028646 0.037963
0 0.674870 0.015278 0.048698 0.029630
0 0.680469 0.075231 0.058333 0.036574
0 0.686719 0.148380 0.020833 0.044907
0 0.987891 0.805093 0.024219 0.058333
0 0.870573 0.524769 0.018229 0.046759
0 0.912370 0.609028 0.038802 0.054167
0 0.905339 0.544907 0.019010 0.040741
0 0.941016 0.397454 0.042448 0.080093
0 0.926693 0.362963 0.026823 0.037963
0 0.851042 0.193519 0.025000 0.031481
0 0.941146 0.123380 0.021354 0.051389
0 0.869922 0.132870 0.026302 0.036111
0 0.877995 0.068056 0.024740 0.034259
0 0.978646 0.320833 0.016667 0.023148
1 0.024349 0.084954 0.048177 0.168981
1 0.261068 0.256019 0.023177 0.032407
1 0.198698 0.242593 0.022396 0.029630
1 0.138021 0.115741 0.053125 0.091667
1 0.086068 0.304630 0.055990 0.080556
1 0.123698 0.281019 0.049479 0.092593
1 0.123047 0.207407 0.057552 0.109259
1 0.138672 0.376620 0.028906 0.046759
1 0.269141 0.030093 0.036198 0.032407
1 0.311068 0.521296 0.042448 0.054630
1 0.029948 0.373380 0.017188 0.027315
1 0.157292 0.531019 0.025000 0.036111
1 0.071094 0.536574 0.068229 0.112037
1 0.018099 0.556019 0.035156 0.092593
1 0.066797 0.639583 0.017969 0.046759
1 0.116667 0.699306 0.043750 0.088426
1 0.011198 0.947222 0.021875 0.097222
1 0.048698 0.904630 0.037500 0.081481
1 0.280469 0.712731 0.075521 0.118981
1 0.303516 0.857407 0.053385 0.143519
1 0.344271 0.274769 0.058333 0.101389
1 0.450521 0.034028 0.061979 0.067130
1 0.390625 0.097917 0.072396 0.132870
1 0.489063 0.325694 0.054167 0.070833
1 0.444141 0.328241 0.071094 0.114815
1 0.497917 0.165509 0.027604 0.056944
1 0.509766 0.073843 0.019010 0.031944
1 0.543490 0.057870 0.039583 0.043519
1 0.519271 0.014352 0.027083 0.027778
1 0.386068 0.633333 0.042969 0.063889
1 0.370573 0.735880 0.059896 0.095833
1 0.631641 0.653009 0.068490 0.124537
1 0.575391 0.724769 0.048698 0.066204
1 0.699349 0.810880 0.076823 0.108796
1 0.738802 0.581944 0.041146 0.072222
1 0.673568 0.439583 0.027344 0.048611
1 0.539974 0.561343 0.029948 0.048611
1 0.591016 0.679630 0.020052 0.041667
1 0.547526 0.418056 0.084635 0.139815
1 0.690625 0.304630 0.042188 0.068519
0 0.670964 0.245602 0.032552 0.050463
0 0.643490 0.234491 0.021875 0.054167
0 0.648698 0.183102 0.020833 0.035648
1 0.585156 0.135417 0.061458 0.072685
1 0.571875 0.304630 0.027083 0.037963
1 0.576302 0.253704 0.034375 0.061111
1 0.615625 0.252315 0.043750 0.039815
1 0.638542 0.178241 0.040625 0.045370
1 0.715495 0.113657 0.043490 0.068981
1 0.677474 0.045602 0.063802 0.090278
1 0.674609 0.131019 0.046094 0.075000
1 0.684245 0.191435 0.035677 0.046759
1 0.728646 0.415509 0.111979 0.155093
1 0.896094 0.880093 0.029167 0.060185
1 0.845573 0.722685 0.023438 0.036111
1 0.993750 0.866667 0.011458 0.039815
1 0.831120 0.950694 0.039323 0.067130
1 0.771745 0.556019 0.026302 0.042593
1 0.919401 0.578241 0.057031 0.119444
1 0.809115 0.561574 0.051042 0.110185
1 0.778516 0.757639 0.042448 0.099537
1 0.797396 0.870370 0.054167 0.090741
1 0.559896 0.595833 0.071875 0.139815
1 0.937891 0.391667 0.051823 0.096296
1 0.598568 0.035648 0.038802 0.058333
1 0.570052 0.179398 0.043229 0.056944
