0 0.972396 0.821528 0.020833 0.039352
1 0.988021 0.348843 0.023958 0.063426
1 0.947396 0.306019 0.033333 0.044444
1 0.954167 0.133102 0.073958 0.125463
1 0.948047 0.224306 0.043490 0.081944
1 0.982943 0.226852 0.025781 0.049074
1 0.968750 0.506019 0.043750 0.058333
1 0.974870 0.577546 0.028385 0.083796
1 0.947135 0.645833 0.059896 0.108333
1 0.937630 0.742824 0.045573 0.074537
1 0.971224 0.809491 0.022135 0.067130
1 0.948047 0.849769 0.025260 0.031019
1 0.921875 0.911806 0.016146 0.032870
1 0.947005 0.926157 0.039323 0.092130
1 0.981250 0.912731 0.037500 0.142130
