0 0.026172 0.069907 0.028906 0.029630
0 0.046224 0.013426 0.026823 0.025926
0 0.136068 0.198380 0.052344 0.064352
0 0.045443 0.529167 0.029427 0.040741
0 0.061719 0.547454 0.015625 0.031019
0 0.044792 0.567593 0.022396 0.043519
0 0.022396 0.600694 0.044271 0.040278
0 0.028125 0.783796 0.028125 0.077778
0 0.033594 0.727778 0.031771 0.062037
0 0.013021 0.960185 0.020833 0.037963
0 0.262370 0.179630 0.016927 0.046296
0 0.308724 0.156944 0.036198 0.079630
0 0.344792 0.169444 0.035937 0.056481
0 0.340495 0.113194 0.046094 0.062500
0 0.264844 0.320139 0.025000 0.047685
0 0.319141 0.348380 0.022656 0.043981
0 0.350391 0.347917 0.027344 0.044907
0 0.342448 0.437269 0.015625 0.032870
0 0.461589 0.449769 0.038281 0.076389
0 0.427995 0.450231 0.022135 0.038426
0 0.269271 0.600694 0.028646 0.032870
0 0.195964 0.527546 0.019010 0.045833
0 0.238021 0.518519 0.019271 0.045370
0 0.266146 0.499769 0.022917 0.026389
0 0.221224 0.555093 0.023698 0.059259
0 0.246094 0.967593 0.022396 0.037037
0 0.389714 0.922222 0.015885 0.023148
0 0.389323 0.958102 0.016146 0.035648
0 0.379167 0.696991 0.027083 0.060648
0 0.412370 0.677083 0.026302 0.051389
0 0.415365 0.756713 0.048958 0.087500
0 0.461589 0.825694 0.026302 0.067130
0 0.431771 0.676157 0.017708 0.056019
0 0.459245 0.678241 0.036719 0.068519
0 0.481641 0.609259 0.010156 0.037963
0 0.442318 0.616435 0.033073 0.036574
0 0.484766 0.883565 0.023177 0.036574
0 0.488021 0.836806 0.027083 0.053241
0 0.507943 0.792593 0.026302 0.037963
0 0.544141 0.781019 0.029427 0.070370
0 0.544271 0.846759 0.028125 0.063889
0 0.595443 0.980556 0.037760 0.037963
0 0.595573 0.943519 0.018750 0.029630
0 0.672396 0.760417 0.021354 0.040278
0 0.619271 0.787269 0.012500 0.034722
0 0.501693 0.606019 0.023698 0.040741
0 0.556771 0.086343 0.021875 0.042130
0 0.627344 0.356481 0.037500 0.079630
0 0.692969 0.361343 0.027604 0.051389
0 0.668620 0.337269 0.029427 0.043056
0 0.660547 0.431481 0.026823 0.032407
0 0.705469 0.264583 0.022917 0.027315
0 0.712891 0.221759 0.027865 0.040741
0 0.723047 0.158565 0.025781 0.075463
0 0.703646 0.125231 0.023958 0.043981
0 0.740495 0.254630 0.020573 0.055556
0 0.668099 0.987269 0.051302 0.024537
0 0.762370 0.890972 0.030469 0.051389
0 0.787370 0.913657 0.022656 0.031019
0 0.806771 0.856019 0.037500 0.047222
0 0.826823 0.881019 0.027604 0.042593
0 0.846745 0.937269 0.024219 0.043981
0 0.886719 0.917593 0.014063 0.045370
0 0.841797 0.756019 0.017448 0.025926
0 0.820443 0.736343 0.013802 0.018981
0 0.877214 0.710880 0.027865 0.033796
0 0.879818 0.646528 0.022656 0.038426
0 0.814193 0.647454 0.038802 0.047685
0 0.787370 0.697917 0.021094 0.068056
0 0.958594 0.531019 0.025000 0.053704
0 0.952474 0.475231 0.029427 0.052315
0 0.986719 0.667593 0.026042 0.039815
0 0.983724 0.831944 0.016927 0.046296
0 0.895573 0.587269 0.025521 0.027315
0 0.882422 0.500694 0.023698 0.031944
0 0.770443 0.260417 0.026302 0.043981
0 0.796875 0.296528 0.025000 0.101389
0 0.774219 0.332870 0.025000 0.045370
0 0.867318 0.210417 0.029427 0.044907
0 0.883594 0.168519 0.028125 0.043519
0 0.898568 0.205093 0.021094 0.055556
0 0.831771 0.159028 0.033854 0.039352
0 0.825391 0.113194 0.027344 0.031019
0 0.853125 0.112269 0.031250 0.056019
0 0.846094 0.070370 0.030208 0.050000
0 0.866797 0.050231 0.029427 0.040278
0 0.891016 0.046759 0.021615 0.036111
0 0.841797 0.025231 0.054948 0.044907
1 0.032813 0.043519 0.054167 0.086111
1 0.126693 0.172454 0.071094 0.113426
1 0.016146 0.389352 0.031771 0.102778
1 0.030599 0.563194 0.060677 0.119907
1 0.057943 0.595833 0.050781 0.080556
1 0.030469 0.687269 0.058333 0.128241
1 0.104818 0.768519 0.026302 0.046296
1 0.080469 0.789583 0.034896 0.073611
1 0.072266 0.681019 0.024740 0.039815
1 0.051693 0.780556 0.026302 0.075926
1 0.046224 0.837269 0.026823 0.043056
1 0.055599 0.874769 0.029427 0.066204
1 0.020573 0.784722 0.040625 0.087963
1 0.027344 0.924306 0.028125 0.052315
1 0.046745 0.976852 0.021094 0.037963
1 0.274219 0.964583 0.036979 0.068056
1 0.236719 0.970370 0.040104 0.056481
1 0.199089 0.546528 0.049219 0.086574
1 0.259896 0.531019 0.077604 0.119444
1 0.247917 0.436343 0.038021 0.069907
1 0.219271 0.370370 0.034375 0.048148
1 0.292318 0.315972 0.036198 0.071759
1 0.332813 0.399306 0.066667 0.150463
1 0.398047 0.273843 0.028906 0.046759
1 0.398568 0.181481 0.016927 0.030556
1 0.339323 0.233796 0.021354 0.038889
1 0.252344 0.243056 0.042708 0.076852
1 0.246615 0.312269 0.061458 0.086574
1 0.327344 0.138657 0.074479 0.118056
1 0.549740 0.100231 0.040104 0.078241
1 0.472396 0.161806 0.034896 0.059722
1 0.566667 0.519444 0.063021 0.086111
1 0.552214 0.653241 0.025260 0.042593
1 0.511719 0.590278 0.044271 0.074074
1 0.515495 0.529167 0.023698 0.035185
1 0.403516 0.722917 0.076823 0.154167
1 0.455469 0.646296 0.064583 0.133333
1 0.449740 0.749769 0.038542 0.071759
1 0.526042 0.772685 0.067187 0.087963
1 0.600391 0.779630 0.058594 0.094444
1 0.551562 0.857176 0.041146 0.075463
1 0.425521 0.951620 0.020833 0.049537
1 0.410417 0.890509 0.031250 0.041204
1 0.443359 0.980093 0.045573 0.039815
1 0.521094 0.987269 0.025000 0.023611
1 0.475000 0.848380 0.054688 0.111574
1 0.635547 0.837269 0.025781 0.056944
1 0.634766 0.926157 0.038281 0.069907
1 0.708464 0.151852 0.056510 0.100926
1 0.746224 0.180093 0.016927 0.041667
1 0.783464 0.295833 0.055469 0.123148
1 0.658464 0.381019 0.104948 0.138889
1 0.714323 0.484954 0.019271 0.036574
1 0.666016 0.784028 0.042969 0.089352
0 0.763021 0.776157 0.021354 0.048611
1 0.758724 0.776157 0.031510 0.051389
1 0.754167 0.737269 0.025521 0.043056
1 0.757422 0.619444 0.025781 0.045370
1 0.675391 0.905093 0.012240 0.032407
1 0.751042 0.862269 0.053125 0.106019
1 0.811719 0.693981 0.075521 0.145370
1 0.808594 0.881019 0.065625 0.105556
1 0.855990 0.089815 0.092708 0.178704
1 0.914844 0.558102 0.066146 0.137500
1 0.862240 0.675231 0.057813 0.102315
1 0.860547 0.865741 0.048177 0.064815
1 0.866667 0.927083 0.054688 0.068981
1 0.841667 0.901852 0.025000 0.039815
1 0.839323 0.976620 0.037500 0.043981
0 0.746224 0.080093 0.026823 0.041667
1 0.386979 0.943287 0.024479 0.069907
