0 0.685417 0.148148 0.018750 0.036111
0 0.727344 0.126620 0.025000 0.031944
0 0.756641 0.136806 0.023698 0.031944
0 0.807422 0.040278 0.013281 0.027778
0 0.742969 0.018981 0.018750 0.026852
0 0.745313 0.272917 0.047396 0.062500
0 0.698438 0.335880 0.037500 0.043981
0 0.638021 0.422917 0.018750 0.044907
0 0.682292 0.400694 0.023958 0.044907
0 0.725521 0.377778 0.043750 0.047222
0 0.756250 0.319907 0.018750 0.036111
0 0.734896 0.423380 0.015625 0.030093
0 0.752995 0.449306 0.019531 0.068056
0 0.747396 0.496296 0.041146 0.052778
0 0.749219 0.559028 0.017188 0.026389
0 0.729818 0.593056 0.020573 0.038889
0 0.729167 0.556481 0.025000 0.037037
0 0.692969 0.544444 0.024479 0.040741
0 0.736719 0.635185 0.025521 0.051852
0 0.692318 0.665046 0.023177 0.033796
0 0.657422 0.935185 0.049219 0.062037
0 0.700521 0.927546 0.036458 0.048611
0 0.697917 0.856019 0.044271 0.092593
0 0.772396 0.973843 0.016667 0.044907
0 0.795443 0.930093 0.033594 0.046296
0 0.793620 0.965741 0.024740 0.037963
0 0.811719 0.990278 0.028125 0.017593
0 0.917839 0.971759 0.026823 0.053704
0 0.817448 0.887731 0.025000 0.043056
0 0.869792 0.893519 0.024479 0.032407
0 0.864844 0.944907 0.016146 0.037963
0 0.920182 0.976620 0.026302 0.045833
0 0.843099 0.973380 0.029427 0.031019
0 0.989193 0.759954 0.019531 0.031019
0 0.961068 0.750926 0.029948 0.062037
0 0.977995 0.632870 0.026823 0.035185
0 0.972266 0.672222 0.035156 0.049074
0 0.938542 0.640509 0.028125 0.038426
0 0.947917 0.606944 0.022917 0.038889
0 0.822917 0.761806 0.030729 0.043056
0 0.821745 0.823148 0.033073 0.037963
0 0.863021 0.824769 0.022917 0.047685
0 0.843620 0.640278 0.064844 0.037963
0 0.811198 0.586343 0.028125 0.072685
0 0.906120 0.606944 0.026302 0.041667
0 0.906771 0.562269 0.025000 0.035648
0 0.938021 0.559491 0.022396 0.033796
0 0.993620 0.509028 0.011719 0.053241
0 0.818620 0.524306 0.022135 0.043981
0 0.864974 0.549769 0.063802 0.094907
0 0.876693 0.492593 0.030990 0.044444
0 0.916797 0.466667 0.021094 0.041667
0 0.868620 0.428009 0.024219 0.053241
0 0.880599 0.302315 0.026302 0.034259
0 0.888542 0.340509 0.046875 0.066204
0 0.983464 0.374769 0.033073 0.067130
0 0.990104 0.310880 0.018750 0.031019
0 0.928646 0.285417 0.027083 0.043981
0 0.909896 0.196991 0.040625 0.061574
0 0.949349 0.180093 0.017448 0.028704
0 0.987240 0.200231 0.022917 0.040278
0 0.955599 0.094444 0.026302 0.040741
0 0.995313 0.087269 0.008854 0.040278
1 0.646745 0.413889 0.039323 0.072222
1 0.706641 0.371065 0.082552 0.117130
1 0.743750 0.301157 0.056250 0.115278
1 0.796745 0.033565 0.039844 0.058796
1 0.668620 0.176157 0.057031 0.093981
1 0.675391 0.091667 0.042448 0.062037
1 0.672396 0.271065 0.020833 0.038426
1 0.714844 0.023843 0.080729 0.046759
1 0.744661 0.121065 0.063802 0.069907
1 0.747396 0.465741 0.043750 0.114815
1 0.718620 0.562731 0.079427 0.095833
1 0.687370 0.656944 0.032031 0.055556
1 0.723568 0.637269 0.051823 0.059722
1 0.676302 0.888889 0.089063 0.161111
1 0.711589 0.778009 0.032031 0.064352
1 0.659896 0.742130 0.020833 0.033333
1 0.744792 0.976620 0.026042 0.042130
1 0.827344 0.694907 0.059896 0.080556
1 0.911589 0.117593 0.049740 0.062037
1 0.918620 0.058333 0.029948 0.055556
1 0.969792 0.179861 0.060417 0.083796
1 0.963802 0.023148 0.023438 0.045370
1 0.966797 0.112731 0.020052 0.042130
1 0.985807 0.076620 0.028385 0.061574
1 0.906901 0.274769 0.017448 0.032870
1 0.916406 0.210417 0.054167 0.093981
1 0.946484 0.275694 0.063802 0.062500
1 0.968229 0.349306 0.063542 0.121759
1 0.952865 0.236806 0.013021 0.027315
1 0.888151 0.416667 0.064323 0.084259
1 0.892057 0.340972 0.055990 0.065278
1 0.986849 0.513194 0.025781 0.128241
1 0.835547 0.487269 0.058073 0.113426
1 0.949089 0.471065 0.035156 0.047685
1 0.941667 0.624537 0.037500 0.076852
1 0.840495 0.790972 0.073177 0.106944
1 0.931250 0.760185 0.084896 0.085185
1 0.973568 0.733102 0.052865 0.076389
1 0.800781 0.937963 0.072917 0.124074
1 0.843229 0.873148 0.080208 0.086111
1 0.882422 0.940741 0.022656 0.048148
1 0.902474 0.910185 0.033073 0.065741
1 0.955990 0.833565 0.088021 0.113426
1 0.860417 0.983796 0.050521 0.029630
1 0.929167 0.960880 0.081771 0.078241
1 0.993099 0.936111 0.013802 0.038889
1 0.976562 0.659259 0.045833 0.085185
1 0.960547 0.534028 0.018490 0.032870
1 0.855078 0.928935 0.036198 0.072685
1 0.924219 0.534491 0.058854 0.086574
1 0.895182 0.481713 0.064844 0.072685
1 0.837500 0.603241 0.082812 0.112037
1 0.895443 0.591898 0.051823 0.106944
1 0.945573 0.690278 0.027604 0.055556
