0 0.028646 0.178472 0.020833 0.022685
0 0.029167 0.199769 0.015625 0.018056
0 0.050521 0.234491 0.014583 0.015278
0 0.069141 0.208333 0.024740 0.038889
0 0.104948 0.181481 0.013021 0.035185
0 0.144141 0.073148 0.022656 0.052778
0 0.169922 0.112269 0.027344 0.037500
0 0.171745 0.079398 0.023698 0.026389
0 0.169401 0.057407 0.019010 0.030556
0 0.187370 0.207176 0.021094 0.037500
0 0.249740 0.172454 0.018229 0.025463
0 0.285938 0.051157 0.014583 0.031944
0 0.279948 0.021759 0.018750 0.041667
0 0.052474 0.329630 0.016927 0.043519
0 0.023568 0.404861 0.035677 0.061574
0 0.139193 0.378241 0.029948 0.049074
0 0.164844 0.320602 0.024479 0.062500
0 0.196615 0.417593 0.027083 0.055556
0 0.084896 0.481019 0.018750 0.020370
0 0.043620 0.491667 0.016406 0.033333
0 0.006380 0.457176 0.012240 0.063426
0 0.284245 0.537731 0.026302 0.041204
0 0.130990 0.426620 0.024479 0.044907
0 0.107292 0.466435 0.021354 0.052315
0 0.091016 0.521296 0.021094 0.033333
0 0.023568 0.532870 0.035677 0.042593
0 0.012630 0.569444 0.024740 0.035185
0 0.108724 0.624306 0.020573 0.038426
0 0.156771 0.623380 0.014583 0.026389
0 0.162240 0.587269 0.020833 0.040278
0 0.141667 0.646991 0.021354 0.056944
0 0.257422 0.693056 0.036198 0.041667
0 0.102474 0.702315 0.025260 0.026852
0 0.104167 0.847222 0.016146 0.037963
0 0.050521 0.833796 0.021875 0.057407
0 0.065495 0.874769 0.021615 0.026389
0 0.094792 0.969676 0.022917 0.037500
0 0.118099 0.963426 0.023698 0.037037
0 0.086849 0.816204 0.020573 0.053704
0 0.376172 0.188657 0.029948 0.058796
0 0.333073 0.018519 0.018750 0.036111
0 0.312500 0.496296 0.027604 0.042593
0 0.322526 0.539120 0.026823 0.043981
0 0.294792 0.600694 0.025000 0.043981
0 0.356120 0.423843 0.049219 0.038426
0 0.349219 0.498843 0.024479 0.032870
0 0.329297 0.460417 0.023698 0.076389
0 0.319271 0.600231 0.029167 0.045833
1 0.260807 0.244213 0.025260 0.035648
1 0.275781 0.219907 0.028646 0.045370
1 0.102734 0.284259 0.045052 0.075000
1 0.197917 0.414120 0.058333 0.062500
1 0.033724 0.369444 0.058073 0.127778
1 0.036849 0.296065 0.025260 0.038426
1 0.066016 0.181944 0.097135 0.125926
1 0.050130 0.201157 0.019010 0.046759
1 0.058333 0.157176 0.027604 0.034722
1 0.082812 0.135417 0.019271 0.031019
1 0.093620 0.181481 0.015885 0.030556
1 0.042448 0.173611 0.016146 0.028704
1 0.091797 0.082407 0.022656 0.057407
1 0.092057 0.017593 0.011198 0.030556
1 0.108594 0.022222 0.018750 0.026852
1 0.110807 0.104167 0.023177 0.042593
1 0.135807 0.109491 0.025781 0.033796
1 0.177474 0.172454 0.021615 0.031019
1 0.226432 0.186343 0.024219 0.042130
1 0.225391 0.091204 0.027344 0.061111
1 0.224740 0.046528 0.025521 0.034722
1 0.250391 0.026852 0.026823 0.052778
1 0.232813 0.010417 0.011979 0.019907
1 0.229036 0.152546 0.025260 0.036574
1 0.264714 0.136574 0.034635 0.055556
1 0.292187 0.146759 0.020833 0.047222
1 0.278125 0.175926 0.036979 0.037037
1 0.157943 0.365972 0.018490 0.038426
1 0.139844 0.337731 0.027604 0.040278
1 0.126693 0.475000 0.024219 0.046296
1 0.017448 0.497454 0.022917 0.041204
1 0.024219 0.455093 0.029687 0.049074
1 0.047526 0.465741 0.016927 0.022222
1 0.119271 0.660880 0.064062 0.111574
1 0.075130 0.837963 0.077344 0.103704
1 0.008594 0.815509 0.016667 0.083796
1 0.021484 0.912731 0.023177 0.053241
1 0.028385 0.992593 0.021354 0.011111
1 0.044271 0.971759 0.031250 0.054630
1 0.115885 0.985880 0.029167 0.027315
1 0.253646 0.670833 0.042708 0.086111
1 0.304557 0.549306 0.066927 0.146759
1 0.351432 0.459954 0.068490 0.114352
1 0.202995 0.228935 0.027344 0.043981
1 0.378385 0.148611 0.025000 0.020370
1 0.396354 0.182870 0.016146 0.069444
1 0.388021 0.161343 0.026562 0.041204
1 0.317708 0.011806 0.015104 0.022685
