0 0.108594 0.162500 0.062500 0.100000
0 0.061719 0.014352 0.034896 0.027778
0 0.074349 0.046528 0.014323 0.022685
0 0.049740 0.109722 0.027083 0.047222
0 0.058724 0.235648 0.015885 0.037037
0 0.061719 0.199306 0.019792 0.030093
0 0.061589 0.167593 0.017969 0.032407
0 0.055990 0.139352 0.017188 0.026852
0 0.104167 0.095370 0.027083 0.039815
0 0.141667 0.018056 0.017708 0.035185
0 0.044141 0.399769 0.041406 0.068056
0 0.202474 0.281944 0.026823 0.037037
0 0.221745 0.307870 0.029948 0.032407
0 0.198568 0.342824 0.047135 0.037500
0 0.044141 0.453472 0.028906 0.041204
0 0.015495 0.443519 0.030469 0.037037
0 0.023698 0.510880 0.046354 0.074537
0 0.016667 0.575231 0.022396 0.057870
0 0.026823 0.616204 0.026562 0.064815
0 0.008724 0.827083 0.016927 0.043056
0 0.011198 0.924306 0.021875 0.056019
0 0.016797 0.884954 0.013281 0.020833
0 0.144401 0.861806 0.025781 0.047685
0 0.119401 0.897685 0.037760 0.025926
0 0.261198 0.806481 0.024479 0.042593
0 0.289844 0.922454 0.018750 0.038426
0 0.286068 0.876389 0.029948 0.052778
0 0.246745 0.400231 0.020573 0.050463
0 0.234896 0.424769 0.027604 0.043056
0 0.240625 0.272454 0.022396 0.047685
0 0.231641 0.149769 0.017448 0.028241
0 0.307292 0.110880 0.028646 0.070833
0 0.274870 0.138426 0.020573 0.024074
0 0.268099 0.287269 0.020573 0.039352
0 0.274089 0.318519 0.018490 0.019444
0 0.297917 0.295370 0.028125 0.042593
0 0.298698 0.249306 0.025000 0.046759
0 0.322526 0.283333 0.020052 0.037037
0 0.280339 0.195139 0.028385 0.048611
0 0.262500 0.079630 0.043750 0.046296
0 0.253646 0.109954 0.018229 0.028241
0 0.212891 0.476620 0.038802 0.046759
0 0.283073 0.528472 0.015625 0.033796
0 0.314714 0.858796 0.030469 0.058333
0 0.352995 0.841898 0.026823 0.037500
0 0.298047 0.762269 0.017448 0.028241
0 0.340495 0.739120 0.022656 0.043056
0 0.354818 0.778704 0.050781 0.035185
0 0.411719 0.693981 0.025000 0.046296
0 0.426172 0.937731 0.030469 0.040278
0 0.430469 0.903241 0.022917 0.033333
0 0.430339 0.861111 0.026302 0.050926
0 0.361068 0.599306 0.016406 0.040278
0 0.342448 0.622454 0.018229 0.031944
0 0.373568 0.543981 0.034115 0.035185
0 0.392969 0.466204 0.019271 0.051852
0 0.392188 0.430093 0.018750 0.027778
0 0.321094 0.443981 0.016146 0.032407
0 0.379297 0.578472 0.017969 0.027315
0 0.325651 0.535417 0.029948 0.056944
0 0.356250 0.453704 0.020833 0.027778
0 0.382552 0.689583 0.020313 0.031019
0 0.396875 0.864352 0.020313 0.035185
0 0.414193 0.831481 0.033073 0.042593
0 0.350651 0.319444 0.034635 0.056481
0 0.388542 0.344907 0.015625 0.037963
0 0.329818 0.251157 0.010156 0.022685
0 0.339323 0.193519 0.019792 0.029630
0 0.463542 0.517361 0.015625 0.026389
0 0.475651 0.481481 0.015885 0.035185
0 0.488021 0.502546 0.019271 0.031019
0 0.442969 0.343981 0.021875 0.031481
0 0.457813 0.312731 0.021354 0.038426
0 0.471745 0.180556 0.030469 0.064815
0 0.441667 0.183333 0.028125 0.048148
0 0.428646 0.087731 0.025000 0.037500
0 0.444141 0.036343 0.020573 0.031019
0 0.409375 0.051157 0.022396 0.045833
0 0.419271 0.142593 0.062500 0.062037
0 0.467448 0.073843 0.019792 0.055093
0 0.496745 0.137731 0.016927 0.026389
0 0.461068 0.384722 0.022135 0.071296
0 0.530599 0.547222 0.023698 0.034259
0 0.517318 0.502083 0.017448 0.033796
0 0.539844 0.598843 0.022396 0.032870
0 0.448047 0.456481 0.020573 0.039815
0 0.549740 0.096296 0.025521 0.041667
0 0.552344 0.059722 0.023958 0.039815
0 0.576172 0.039352 0.039844 0.037037
0 0.617448 0.079167 0.016667 0.031481
0 0.589844 0.125231 0.037500 0.055093
0 0.481120 0.375231 0.020052 0.029167
0 0.609896 0.048611 0.027604 0.036111
1 0.041536 0.218287 0.063802 0.079167
1 0.093490 0.105787 0.113542 0.210648
1 0.026172 0.615509 0.027865 0.068056
1 0.013411 0.573611 0.026302 0.062037
1 0.024479 0.489583 0.048438 0.118981
1 0.043490 0.418056 0.042188 0.104630
1 0.066667 0.513889 0.024479 0.037963
1 0.011979 0.878009 0.023438 0.151389
1 0.107813 0.979398 0.041667 0.039352
1 0.125260 0.931019 0.022396 0.041667
1 0.125911 0.863889 0.066927 0.094444
1 0.132161 0.749537 0.038802 0.082407
1 0.208854 0.941667 0.035937 0.050926
1 0.248828 0.982639 0.041406 0.032870
1 0.277474 0.906481 0.049740 0.115741
1 0.248047 0.831250 0.026302 0.029167
1 0.215234 0.613194 0.025781 0.042130
1 0.221484 0.817361 0.104427 0.142130
1 0.244141 0.569213 0.024740 0.040278
1 0.283854 0.630324 0.014583 0.035648
1 0.202604 0.450694 0.034896 0.041204
1 0.213151 0.239352 0.037760 0.078704
1 0.207031 0.149769 0.018229 0.018056
1 0.216536 0.131481 0.025260 0.024074
1 0.317448 0.328241 0.018750 0.051852
1 0.263021 0.562037 0.010417 0.014815
1 0.313411 0.802315 0.010156 0.028704
1 0.347656 0.117361 0.047917 0.074537
1 0.385417 0.113194 0.029167 0.025463
1 0.451042 0.073611 0.022396 0.050000
1 0.490365 0.111806 0.025000 0.038426
1 0.515625 0.062963 0.013021 0.031481
1 0.567969 0.082870 0.016146 0.050000
1 0.555599 0.200000 0.037240 0.042593
1 0.489974 0.351389 0.043490 0.063889
1 0.487760 0.295370 0.015625 0.022222
1 0.385937 0.387963 0.017188 0.033333
1 0.335286 0.478241 0.021615 0.029630
1 0.341146 0.436806 0.027083 0.034722
1 0.374479 0.495139 0.032292 0.053241
1 0.376042 0.437500 0.017188 0.047222
1 0.307422 0.220602 0.025781 0.036574
1 0.311589 0.614120 0.017969 0.054167
1 0.338672 0.586343 0.025781 0.038426
1 0.360417 0.515046 0.025000 0.062500
1 0.414193 0.416435 0.026823 0.030093
1 0.503385 0.398380 0.015625 0.029167
1 0.413672 0.884028 0.028906 0.047685
1 0.363542 0.724074 0.019792 0.042593
1 0.371615 0.666898 0.022396 0.034722
1 0.320312 0.684028 0.020833 0.030093
1 0.410417 0.936574 0.014063 0.035185
1 0.343359 0.893287 0.030469 0.073611
