0 0.825521 0.021065 0.022396 0.041204
0 0.932943 0.025694 0.022135 0.038426
0 0.913672 0.029630 0.019010 0.029630
0 0.849740 0.171528 0.026562 0.027315
0 0.888802 0.201157 0.026042 0.051389
0 0.835547 0.068519 0.022656 0.043519
0 0.736198 0.151620 0.043750 0.031019
0 0.714844 0.250694 0.028646 0.043981
0 0.730469 0.293519 0.028646 0.035185
0 0.795964 0.220370 0.018490 0.031481
0 0.823047 0.152315 0.014323 0.024074
0 0.791667 0.322917 0.018750 0.032870
0 0.807422 0.454861 0.025781 0.063426
0 0.842318 0.436343 0.029427 0.054167
0 0.881120 0.493519 0.023177 0.045370
0 0.990625 0.475231 0.018229 0.031944
0 0.976302 0.525926 0.017188 0.025926
0 0.850651 0.481019 0.021615 0.029630
0 0.714974 0.542593 0.021094 0.032407
0 0.727995 0.559722 0.016927 0.023148
0 0.786589 0.705093 0.022135 0.041667
0 0.714323 0.723380 0.022917 0.058796
0 0.729818 0.697454 0.027344 0.043056
0 0.723568 0.634491 0.026823 0.036574
0 0.778646 0.765046 0.024479 0.033796
0 0.720573 0.831481 0.028125 0.052778
0 0.802344 0.873611 0.021875 0.038889
0 0.832943 0.866667 0.035677 0.079630
0 0.824219 0.826389 0.027083 0.050000
0 0.841667 0.774769 0.011458 0.034722
0 0.850521 0.818056 0.022396 0.018519
0 0.856250 0.789583 0.009896 0.035648
0 0.783464 0.795602 0.017969 0.015278
0 0.801172 0.822685 0.014323 0.037963
0 0.989714 0.793519 0.020052 0.034259
0 0.742448 0.959954 0.018750 0.044907
0 0.780339 0.986111 0.025260 0.025000
0 0.759375 0.968981 0.018750 0.028704
0 0.783073 0.912269 0.037500 0.056019
1 0.737370 0.102315 0.059115 0.125926
1 0.723437 0.268287 0.047396 0.086574
1 0.697266 0.402083 0.031510 0.052315
1 0.879427 0.231944 0.047396 0.112963
1 0.911719 0.127546 0.054167 0.084722
1 0.924870 0.023380 0.040365 0.044907
1 0.849479 0.061111 0.070833 0.087037
1 0.850391 0.156481 0.029948 0.052778
1 0.802865 0.200231 0.068229 0.143056
1 0.774349 0.297222 0.034635 0.055556
1 0.772786 0.337963 0.032031 0.044444
1 0.882552 0.496528 0.043750 0.088426
1 0.896484 0.373148 0.047656 0.082407
1 0.750000 0.419213 0.064583 0.131944
1 0.846615 0.506250 0.032292 0.082870
1 0.711068 0.591898 0.048698 0.058796
1 0.720833 0.689120 0.070312 0.131944
1 0.690234 0.931713 0.034115 0.048611
1 0.742448 0.831481 0.015104 0.025926
1 0.707161 0.804167 0.024740 0.040741
1 0.763542 0.769907 0.027604 0.068519
1 0.810937 0.724074 0.029687 0.053704
1 0.788672 0.746991 0.023698 0.044907
1 0.825911 0.781019 0.056510 0.045370
1 0.777083 0.954167 0.041146 0.048148
1 0.744010 0.930787 0.020313 0.023611
1 0.857422 0.842824 0.013281 0.030093
1 0.767318 0.941667 0.070052 0.115741
1 0.827865 0.831944 0.073438 0.150000
1 0.697135 0.982407 0.047917 0.034259
1 0.989323 0.837731 0.020833 0.058796
1 0.985677 0.595139 0.027604 0.071759
1 0.975911 0.476852 0.047135 0.123148
