0 0.972396 0.821528 0.020833 0.039352
0 0.949349 0.950000 0.022656 0.047222
0 0.988021 0.348843 0.023958 0.063426
0 0.947396 0.306481 0.033333 0.044444
0 0.954167 0.133102 0.073958 0.125463
0 0.948307 0.224306 0.043490 0.081944
0 0.982943 0.226852 0.025781 0.049074
0 0.968750 0.506019 0.043750 0.058333
0 0.975260 0.550926 0.032292 0.044444
0 0.974609 0.596991 0.027344 0.045833
0 0.952344 0.637037 0.049479 0.089815
0 0.940625 0.676157 0.032292 0.041204
0 0.930729 0.742593 0.031250 0.075000
0 0.970703 0.796528 0.013802 0.041204
0 0.949349 0.769907 0.030990 0.025000
0 0.948307 0.850000 0.025260 0.031481
0 0.922656 0.911574 0.016146 0.033333
0 0.938932 0.917361 0.023698 0.074537
0 0.983594 0.862037 0.032813 0.039815
0 0.957552 0.912963 0.020833 0.038889
0 0.982812 0.902546 0.033854 0.045833
0 0.991667 0.968519 0.015625 0.034259
