0 0.403475 0.018229 0.020354 0.031524
0 0.424137 0.064693 0.031661 0.062500
0 0.430201 0.105400 0.024054 0.022204
0 0.445415 0.130208 0.022821 0.054276
0 0.424342 0.125274 0.014391 0.014803
0 0.431024 0.153098 0.012952 0.025493
0 0.456723 0.250411 0.025288 0.032072
0 0.438322 0.212856 0.008224 0.012884
0 0.439453 0.201206 0.005962 0.007675
0 0.448705 0.197917 0.008018 0.006031
0 0.432155 0.175302 0.007812 0.010143
0 0.441201 0.227659 0.008635 0.011787
0 0.429071 0.002604 0.008635 0.004660
0 0.379934 0.004797 0.008224 0.007950
