0 0.124794 0.632950 0.004523 0.006031
0 0.153680 0.638980 0.008840 0.012061
0 0.181332 0.733553 0.055099 0.051535
0 0.269326 0.577303 0.011924 0.016996
0 0.179174 0.507812 0.004317 0.005208
0 0.179893 0.501919 0.005345 0.006031
0 0.181024 0.544134 0.003906 0.004934
0 0.156661 0.421190 0.011513 0.028783
0 0.183080 0.429276 0.049548 0.106908
0 0.270765 0.464912 0.002878 0.003838
0 0.270662 0.447368 0.012952 0.023575
0 0.274465 0.347862 0.016447 0.026864
0 0.285156 0.344846 0.002878 0.004386
0 0.280016 0.331003 0.004112 0.004660
0 0.236739 0.008224 0.014186 0.015899
0 0.237048 0.026864 0.013980 0.022478
0 0.257607 0.037555 0.004523 0.010417
0 0.249589 0.028235 0.009046 0.014254
0 0.265214 0.032484 0.020970 0.024945
0 0.286801 0.014666 0.082648 0.028783
0 0.287007 0.131031 0.026727 0.047149
0 0.309416 0.140351 0.018092 0.026864
0 0.399054 0.336212 0.002878 0.003564
0 0.395148 0.357182 0.027549 0.028509
0 0.380140 0.391584 0.004934 0.007950
0 0.399260 0.404194 0.005345 0.006305
0 0.398026 0.422697 0.006990 0.008772
0 0.336040 0.807292 0.024877 0.044956
0 0.356394 0.816338 0.012130 0.022478
0 0.340461 0.770422 0.028372 0.056195
0 0.355160 0.745203 0.010896 0.017818
0 0.347656 0.717105 0.011924 0.013158
0 0.337891 0.609786 0.008429 0.039200
0 0.339947 0.578536 0.003495 0.006305
0 0.355263 0.586897 0.016447 0.031798
0 0.378187 0.561266 0.007196 0.009046
0 0.373561 0.552632 0.003289 0.004934
0 0.380448 0.590461 0.030222 0.030154
0 0.346320 0.622670 0.008018 0.015077
0 0.345909 0.609101 0.002673 0.004386
0 0.357936 0.636376 0.048931 0.067160
0 0.250925 0.224507 0.032278 0.075658
0 0.290707 0.213953 0.053865 0.102796
0 0.309005 0.242599 0.011513 0.015351
0 0.533100 0.212856 0.037418 0.032621
0 0.465049 0.023438 0.166118 0.046327
0 0.475226 0.053454 0.141242 0.020833
0 0.530530 0.242325 0.063117 0.090461
0 0.461451 0.253975 0.071752 0.056195
0 0.459704 0.185855 0.083882 0.069079
0 0.481908 0.095943 0.176809 0.072917
0 0.485300 0.163377 0.067229 0.061404
0 0.552323 0.206003 0.066817 0.080866
0 0.573088 0.148438 0.038035 0.039200
0 0.558902 0.049205 0.023643 0.018366
