0 0.851665 0.011787 0.033923 0.023026
0 0.821854 0.003701 0.024877 0.006853
0 0.751439 0.037007 0.028783 0.054825
0 0.787418 0.020285 0.046464 0.040022
0 0.804174 0.040433 0.008429 0.009594
0 0.815378 0.163651 0.081826 0.087719
0 0.811883 0.179002 0.070724 0.052632
0 0.503187 0.855537 0.027344 0.029057
0 0.504317 0.878975 0.023026 0.018914
0 0.493524 0.892955 0.015831 0.013980
0 0.556435 0.706414 0.036801 0.049342
0 0.529811 0.722725 0.018503 0.056743
0 0.629831 0.555921 0.009252 0.016447
0 0.592414 0.568805 0.010896 0.016996
0 0.617496 0.577303 0.008018 0.018640
0 0.598067 0.538377 0.018092 0.016447
0 0.594881 0.523163 0.007607 0.010143
0 0.616879 0.542078 0.005140 0.007401
0 0.597245 0.433799 0.007812 0.009594
0 0.599918 0.418997 0.006579 0.010691
0 0.624692 0.436952 0.009252 0.012610
0 0.632812 0.395696 0.016447 0.015077
0 0.605469 0.374863 0.006990 0.012336
0 0.628392 0.342791 0.027344 0.034814
0 0.634149 0.372122 0.010485 0.017818
0 0.661081 0.435170 0.031044 0.050164
0 0.667146 0.387061 0.040296 0.070724
0 0.628598 0.309073 0.004729 0.011239
0 0.622944 0.303043 0.005757 0.006305
0 0.648129 0.302083 0.011719 0.010417
0 0.699836 0.284814 0.011102 0.015899
0 0.682257 0.283991 0.023643 0.021382
0 0.687397 0.311952 0.035979 0.035636
0 0.595703 0.264529 0.014186 0.019737
0 0.581003 0.252056 0.013569 0.047423
0 0.602796 0.220395 0.015625 0.028509
0 0.631682 0.230263 0.011719 0.024123
0 0.620374 0.256579 0.013775 0.015351
0 0.629009 0.264117 0.016653 0.040844
0 0.638775 0.263706 0.015625 0.045504
0 0.652138 0.281387 0.010280 0.009594
0 0.659128 0.244518 0.031661 0.052632
0 0.647204 0.202440 0.011513 0.028235
0 0.666221 0.203536 0.025699 0.028235
0 0.665810 0.189419 0.007607 0.008224
0 0.670847 0.170367 0.009868 0.019463
0 0.680921 0.168037 0.012336 0.011513
0 0.679790 0.197917 0.009252 0.016996
0 0.693565 0.198328 0.028166 0.054002
0 0.708984 0.236157 0.038857 0.073739
0 0.688631 0.255071 0.021176 0.031524
0 0.664371 0.306332 0.011308 0.011239
0 0.694387 0.155565 0.007607 0.025493
0 0.711657 0.160636 0.007196 0.013158
0 0.703433 0.167763 0.005962 0.005482
