0 0.726562 0.019463 0.016036 0.038377
0 0.730572 0.061129 0.005962 0.009868
0 0.712171 0.023026 0.005345 0.009320
0 0.682052 0.288514 0.007607 0.015625
0 0.694696 0.723958 0.013980 0.024123
0 0.703947 0.311266 0.005757 0.009594
0 0.696649 0.317845 0.003495 0.005757
0 0.515317 0.114035 0.008429 0.013706
0 0.548828 0.145285 0.004729 0.005482
0 0.556538 0.340323 0.005757 0.009046
0 0.542146 0.342928 0.009457 0.016996
0 0.546978 0.324698 0.014186 0.017818
0 0.544408 0.485609 0.013569 0.016173
0 0.519737 0.579221 0.006579 0.015899
0 0.530736 0.583196 0.011308 0.009046
0 0.559519 0.570724 0.012130 0.036184
0 0.561061 0.499452 0.007401 0.021930
0 0.552940 0.484101 0.008429 0.026864
0 0.567229 0.472451 0.009046 0.024397
0 0.570518 0.496299 0.008635 0.024945
