0 0.777241 0.404879 0.043380 0.063048
0 0.680201 0.231634 0.011719 0.069627
0 0.671464 0.214227 0.005757 0.009046
0 0.665502 0.204770 0.006168 0.008772
0 0.666427 0.234786 0.008429 0.011239
0 0.688836 0.268777 0.006785 0.015077
0 0.823499 0.030428 0.009252 0.011513
0 0.837479 0.035088 0.019120 0.028509
0 0.764494 0.268229 0.098890 0.141173
0 0.790707 0.192023 0.006579 0.007401
0 0.778680 0.165159 0.009663 0.010691
0 0.595086 0.789062 0.004317 0.006305
0 0.589433 0.754934 0.005757 0.011513
0 0.581312 0.778098 0.010074 0.017270
0 0.580798 0.761239 0.009457 0.027961
0 0.573294 0.758498 0.010485 0.041667
0 0.546772 0.874589 0.010485 0.020559
0 0.553454 0.880894 0.017681 0.043037
0 0.567229 0.887061 0.021382 0.042763
0 0.665399 0.964090 0.032689 0.070724
0 0.617085 0.946409 0.065173 0.105537
0 0.565892 0.951754 0.038035 0.032346
0 0.578947 0.496848 0.014803 0.032621
0 0.561780 0.497944 0.019942 0.036458
0 0.551090 0.556469 0.012130 0.026864
0 0.569079 0.560033 0.023026 0.059211
0 0.580078 0.588953 0.004317 0.007401
0 0.579256 0.597451 0.003906 0.004660
0 0.593853 0.560170 0.022821 0.050164
0 0.583573 0.529742 0.015831 0.033717
0 0.570518 0.519874 0.006990 0.006853
