0 0.363898 0.045504 0.056743 0.090461
0 0.549753 0.404331 0.013569 0.021382
0 0.564042 0.514117 0.010485 0.017270
0 0.624383 0.614309 0.015625 0.025219
0 0.593339 0.728618 0.027549 0.060855
0 0.600226 0.775630 0.009252 0.027686
0 0.664988 0.926535 0.014186 0.030702
0 0.689659 0.959019 0.022410 0.034265
0 0.637027 0.951891 0.041735 0.095121
0 0.621299 0.870751 0.024260 0.066064
0 0.649774 0.792626 0.006373 0.007950
0 0.636513 0.782072 0.016447 0.016447
0 0.647718 0.749863 0.004729 0.007401
0 0.527549 0.468613 0.060033 0.131305
0 0.447985 0.209704 0.158717 0.389254
0 0.551604 0.628701 0.050164 0.159814
0 0.572471 0.777686 0.054071 0.135417
0 0.594675 0.816064 0.005962 0.016996
0 0.588919 0.907209 0.053248 0.165844
