0 0.207648 0.016173 0.054276 0.031798
0 0.364823 0.073191 0.025288 0.046053
0 0.385280 0.079633 0.012747 0.025493
0 0.371299 0.041667 0.020148 0.069627
0 0.384560 0.008772 0.011719 0.016996
0 0.173006 0.872670 0.019942 0.029879
0 0.193565 0.933662 0.010074 0.013158
0 0.138158 0.548931 0.008635 0.015077
0 0.099404 0.252056 0.003906 0.005208
0 0.100740 0.336486 0.003701 0.004660
0 0.103207 0.325658 0.002467 0.002741
0 0.187808 0.097588 0.009663 0.009868
0 0.190892 0.164062 0.016653 0.013432
0 0.185650 0.148300 0.007401 0.014254
0 0.124897 0.362253 0.012541 0.115406
0 0.115234 0.410773 0.005962 0.019463
0 0.114926 0.336486 0.010691 0.062774
0 0.106702 0.357045 0.005345 0.020559
0 0.223787 0.380345 0.065584 0.188871
0 0.165707 0.373081 0.072368 0.200110
0 0.170436 0.269874 0.003289 0.004660
0 0.176706 0.266036 0.004729 0.009046
0 0.259663 0.496848 0.017681 0.027686
0 0.236123 0.499178 0.038446 0.059211
0 0.187706 0.558936 0.035362 0.047697
0 0.192845 0.536458 0.013569 0.019737
0 0.179482 0.506716 0.004523 0.006305
0 0.173314 0.524397 0.024260 0.028509
