0 0.674959 0.452166 0.023438 0.062774
0 0.648849 0.459978 0.022204 0.019737
0 0.657381 0.435992 0.024465 0.026590
0 0.675781 0.866776 0.012336 0.049342
0 0.590769 0.066612 0.032278 0.050439
0 0.675164 0.068120 0.035362 0.069353
0 0.628598 0.158717 0.006373 0.008224
0 0.647615 0.157484 0.005345 0.006853
0 0.646998 0.137061 0.016859 0.021930
0 0.662212 0.153646 0.015625 0.030976
0 0.663549 0.268092 0.035156 0.042215
0 0.680715 0.231908 0.024260 0.043311
0 0.688014 0.260417 0.009663 0.009320
0 0.683594 0.187911 0.021382 0.043586
0 0.682155 0.148438 0.024260 0.035910
0 0.705489 0.271793 0.020765 0.051261
0 0.708368 0.201617 0.007607 0.015077
0 0.703125 0.213405 0.004934 0.006305
0 0.699322 0.173520 0.008840 0.014803
