0 0.851254 0.012884 0.034334 0.025219
0 0.821649 0.003701 0.024877 0.006853
0 0.750925 0.050302 0.029400 0.028235
0 0.776316 0.019600 0.023849 0.038651
0 0.798417 0.048931 0.019942 0.026590
0 0.503187 0.855263 0.027344 0.029057
0 0.504112 0.878838 0.023026 0.018640
0 0.493421 0.892818 0.016036 0.013706
0 0.556229 0.706140 0.036801 0.049342
0 0.529811 0.722725 0.018503 0.056743
0 0.629626 0.555784 0.009252 0.016173
0 0.592414 0.568668 0.010896 0.017270
0 0.617496 0.577303 0.008018 0.018640
0 0.597862 0.538103 0.018092 0.016447
0 0.591797 0.524123 0.013775 0.012610
0 0.598479 0.426398 0.010280 0.023849
0 0.624692 0.436952 0.009252 0.012610
0 0.632607 0.395422 0.016447 0.015077
0 0.605469 0.374726 0.006990 0.012610
0 0.628187 0.342791 0.027344 0.034814
0 0.634149 0.372122 0.010485 0.017818
0 0.625617 0.307292 0.010691 0.014254
0 0.648026 0.301809 0.011924 0.010417
0 0.699836 0.284814 0.011102 0.015899
0 0.682052 0.283717 0.023643 0.021382
0 0.678968 0.312089 0.019531 0.035362
0 0.595498 0.264529 0.014186 0.019737
0 0.580592 0.238350 0.013980 0.020011
0 0.602590 0.221354 0.015625 0.026590
0 0.664268 0.306058 0.011513 0.011239
0 0.694182 0.155565 0.007607 0.025493
0 0.707956 0.162007 0.014597 0.016447
0 0.785156 0.155976 0.023026 0.039474
0 0.830078 0.133498 0.021587 0.027961
0 0.844572 0.162555 0.023026 0.030154
0 0.844675 0.193120 0.023232 0.032072
0 0.805921 0.190241 0.018503 0.026864
0 0.805818 0.161870 0.018298 0.029331
0 0.824116 0.162144 0.019120 0.029331
0 0.752570 0.021519 0.025288 0.029879
0 0.798314 0.018092 0.021382 0.035636
0 0.660156 0.449424 0.031250 0.024945
0 0.662109 0.422971 0.025699 0.025768
0 0.676706 0.412829 0.017887 0.021930
0 0.658717 0.392681 0.019326 0.023300
0 0.658100 0.365954 0.021382 0.028509
0 0.677632 0.366228 0.018914 0.030154
0 0.677837 0.391310 0.019326 0.018914
0 0.582442 0.259320 0.012336 0.033443
0 0.697882 0.312911 0.018709 0.035362
0 0.675473 0.169134 0.021176 0.025768
0 0.621608 0.266173 0.018709 0.036732
0 0.644017 0.277001 0.026933 0.022752
0 0.638158 0.252467 0.017270 0.026316
0 0.635074 0.230126 0.021793 0.022204
0 0.660259 0.254112 0.026110 0.026864
0 0.662109 0.228207 0.033100 0.024945
0 0.666530 0.200247 0.020148 0.032621
0 0.650288 0.199150 0.020148 0.022204
0 0.681024 0.194901 0.012130 0.024671
0 0.694901 0.183799 0.016859 0.028783
0 0.692229 0.212993 0.023438 0.027412
0 0.716386 0.213130 0.024054 0.028235
0 0.718030 0.239446 0.018298 0.021656
0 0.709190 0.261924 0.019531 0.023849
0 0.688734 0.254934 0.021382 0.035088
0 0.700452 0.238076 0.019326 0.022752
0 0.824424 0.191201 0.018503 0.029331
0 0.808285 0.132812 0.023232 0.028783
