0 0.221937 0.017133 0.025288 0.033717
0 0.364618 0.073191 0.025288 0.046053
0 0.385280 0.079633 0.012747 0.025493
0 0.371094 0.041667 0.020148 0.069627
0 0.384457 0.008772 0.011924 0.016996
0 0.173006 0.872533 0.019942 0.029605
0 0.193668 0.932292 0.011102 0.015351
0 0.194182 0.016996 0.030222 0.033443
0 0.189042 0.100740 0.019120 0.022204
0 0.189762 0.157621 0.024671 0.038377
0 0.232422 0.516447 0.026933 0.027412
0 0.231497 0.486979 0.027549 0.032072
0 0.257196 0.501782 0.025493 0.039748
0 0.138158 0.548520 0.015625 0.020833
0 0.172492 0.515899 0.024671 0.027961
0 0.176090 0.542489 0.020765 0.026316
0 0.182360 0.568942 0.013980 0.024397
0 0.198705 0.570998 0.018298 0.028509
0 0.193359 0.535362 0.017064 0.041667
0 0.103824 0.343750 0.011924 0.043860
0 0.114206 0.354578 0.009252 0.032621
0 0.114618 0.320312 0.010074 0.035910
0 0.125103 0.317982 0.009663 0.029057
0 0.124794 0.345806 0.011513 0.026590
0 0.124794 0.373629 0.012336 0.028509
0 0.121505 0.403509 0.020559 0.031798
0 0.166941 0.472451 0.030428 0.029879
0 0.141859 0.460115 0.015214 0.015625
0 0.140008 0.429413 0.016447 0.022204
0 0.165604 0.445175 0.034334 0.024123
0 0.189967 0.447505 0.013980 0.020559
0 0.205489 0.465461 0.022821 0.017544
0 0.226357 0.446820 0.023026 0.019189
0 0.247533 0.450521 0.018503 0.028783
0 0.247430 0.422971 0.019120 0.025768
0 0.246711 0.397478 0.020970 0.024123
0 0.252364 0.372944 0.030222 0.024945
0 0.249178 0.351974 0.021793 0.020285
0 0.245169 0.328125 0.017475 0.026864
0 0.226665 0.300439 0.019942 0.030154
0 0.207956 0.312226 0.017887 0.026864
0 0.187911 0.286458 0.022615 0.028509
0 0.170641 0.278372 0.014803 0.034814
0 0.147307 0.286321 0.015419 0.019463
0 0.159437 0.317023 0.008840 0.045230
0 0.171258 0.313459 0.014803 0.032621
0 0.135691 0.308251 0.011924 0.024945
0 0.205900 0.445724 0.018709 0.021930
0 0.205900 0.426261 0.019531 0.021930
0 0.226357 0.423657 0.023026 0.029879
0 0.142167 0.406798 0.020765 0.025768
0 0.136205 0.332374 0.013363 0.022752
0 0.148438 0.308525 0.014391 0.026042
0 0.149363 0.333196 0.011719 0.021656
0 0.144326 0.369518 0.027549 0.048794
0 0.168072 0.344024 0.019531 0.027412
0 0.190173 0.345669 0.024671 0.031250
0 0.188322 0.323602 0.020970 0.014529
0 0.187808 0.372807 0.027755 0.023026
0 0.167352 0.375548 0.019326 0.034539
0 0.160773 0.405839 0.016447 0.023300
0 0.160259 0.426535 0.023643 0.018640
0 0.182566 0.401042 0.028372 0.032895
0 0.182669 0.426672 0.027755 0.020559
0 0.207340 0.401316 0.022410 0.032346
0 0.211246 0.371985 0.019942 0.026316
0 0.210321 0.342654 0.022615 0.033443
0 0.226768 0.328947 0.020148 0.026864
0 0.229030 0.384457 0.019326 0.050164
0 0.188322 0.306606 0.022615 0.020011
0 0.229955 0.351151 0.017475 0.017544
