0 0.154605 0.637610 0.010691 0.014254
0 0.269326 0.577303 0.011924 0.016996
0 0.156456 0.421190 0.011513 0.028783
0 0.177015 0.428591 0.029194 0.063871
0 0.270456 0.451206 0.012952 0.031798
0 0.276007 0.343887 0.020354 0.029331
0 0.236534 0.008224 0.014186 0.015899
0 0.237048 0.026590 0.013980 0.022478
0 0.249589 0.028235 0.009046 0.014254
0 0.253392 0.009868 0.016653 0.019189
0 0.291735 0.118558 0.017270 0.022204
0 0.309211 0.140351 0.018092 0.026864
0 0.395045 0.357045 0.027344 0.028783
0 0.380243 0.390899 0.007196 0.009868
0 0.399157 0.403920 0.006785 0.009594
0 0.398335 0.422012 0.008429 0.010691
0 0.336246 0.815104 0.024054 0.029331
0 0.356394 0.816338 0.012130 0.022478
0 0.346834 0.716146 0.011513 0.015077
0 0.338199 0.602248 0.009457 0.054276
0 0.355160 0.586760 0.016242 0.031524
0 0.376439 0.558662 0.011102 0.017544
0 0.380448 0.589638 0.030222 0.030154
0 0.346525 0.617188 0.008429 0.025493
0 0.256682 0.198602 0.020354 0.023849
0 0.308902 0.242599 0.011308 0.015351
0 0.558697 0.049068 0.023643 0.018092
0 0.268709 0.010005 0.013569 0.018914
0 0.282998 0.012747 0.014597 0.024397
0 0.298006 0.012336 0.014597 0.024123
0 0.316612 0.012747 0.022204 0.024945
0 0.259766 0.031113 0.009252 0.023300
0 0.269840 0.032484 0.012130 0.024945
0 0.287007 0.140762 0.026316 0.024397
0 0.284848 0.254386 0.023643 0.018092
0 0.284128 0.233004 0.033306 0.023026
0 0.309005 0.225192 0.013980 0.017818
0 0.271998 0.208196 0.016447 0.024397
0 0.273643 0.189282 0.013158 0.012336
0 0.278577 0.172697 0.012747 0.018092
0 0.294100 0.172971 0.018298 0.020285
0 0.310033 0.194627 0.013569 0.040022
0 0.291632 0.200932 0.022821 0.033991
0 0.258326 0.255482 0.015419 0.015899
0 0.251850 0.227796 0.031250 0.036184
0 0.195518 0.440515 0.025082 0.053180
0 0.196546 0.475603 0.019737 0.017544
0 0.179379 0.503427 0.010485 0.014529
0 0.181127 0.386376 0.028372 0.020011
0 0.161595 0.727659 0.014803 0.022752
0 0.181229 0.733004 0.023232 0.019189
0 0.181949 0.715872 0.025082 0.015625
0 0.180201 0.750000 0.024877 0.014803
0 0.199527 0.741913 0.014186 0.031524
0 0.331003 0.793311 0.013980 0.014803
0 0.355058 0.743421 0.011102 0.015351
0 0.339227 0.750959 0.020559 0.015625
0 0.344984 0.791667 0.013980 0.013706
0 0.330798 0.778372 0.008224 0.012336
0 0.339741 0.771793 0.015419 0.025493
0 0.337479 0.644874 0.010074 0.012336
0 0.345189 0.662281 0.007812 0.021382
0 0.350946 0.640899 0.018914 0.021382
0 0.355058 0.623218 0.010691 0.012884
0 0.362870 0.659677 0.021793 0.016173
0 0.369552 0.640214 0.017475 0.021107
0 0.370477 0.616502 0.026727 0.026864
0 0.518606 0.201206 0.009663 0.010417
0 0.529091 0.209704 0.012130 0.012610
0 0.538446 0.217105 0.009868 0.013706
0 0.547697 0.224370 0.009868 0.011239
0 0.430407 0.161184 0.018298 0.020833
0 0.453331 0.162144 0.025905 0.013980
0 0.477590 0.178180 0.020970 0.018092
0 0.496813 0.194901 0.015831 0.014803
0 0.515111 0.211349 0.020765 0.017544
0 0.535876 0.232182 0.020354 0.023026
0 0.553968 0.254112 0.015831 0.020285
0 0.554071 0.276453 0.016859 0.022752
0 0.541016 0.278920 0.008429 0.010691
0 0.525391 0.278920 0.021587 0.012336
0 0.508018 0.279057 0.013158 0.013706
0 0.494963 0.278646 0.013775 0.014529
0 0.477899 0.277823 0.020765 0.015625
0 0.454975 0.263021 0.026316 0.012884
0 0.435444 0.247259 0.015625 0.020285
0 0.427015 0.196135 0.020148 0.047971
0 0.446135 0.211486 0.035362 0.047971
0 0.455489 0.245340 0.022821 0.020833
0 0.477899 0.252193 0.020354 0.034539
0 0.475535 0.200521 0.023026 0.025493
0 0.476871 0.223821 0.022410 0.021656
0 0.495477 0.211486 0.016859 0.018914
0 0.502878 0.232593 0.031661 0.024397
0 0.502570 0.257950 0.030222 0.026864
0 0.521382 0.233827 0.008224 0.025219
0 0.531250 0.258635 0.027961 0.028783
0 0.444901 0.179276 0.014391 0.019189
0 0.460526 0.178865 0.016036 0.020559
0 0.575966 0.233690 0.018298 0.020559
0 0.576172 0.213405 0.018298 0.019463
0 0.575966 0.189556 0.017887 0.026042
0 0.589227 0.160499 0.009457 0.031524
0 0.574424 0.132127 0.021382 0.024671
0 0.556641 0.103893 0.013775 0.030702
0 0.568462 0.094572 0.009868 0.021930
0 0.560341 0.073465 0.020765 0.030154
0 0.556435 0.127878 0.014597 0.019463
0 0.575041 0.161047 0.020559 0.033169
0 0.556846 0.161458 0.016653 0.025219
0 0.558799 0.229578 0.016859 0.022204
0 0.540399 0.210252 0.020354 0.017544
0 0.521896 0.193257 0.017064 0.017544
0 0.500822 0.177083 0.025493 0.016447
0 0.475123 0.154194 0.025905 0.029879
0 0.447266 0.129660 0.031044 0.019189
0 0.421053 0.109101 0.020970 0.022478
0 0.398849 0.082374 0.023438 0.032072
0 0.393914 0.055510 0.022204 0.020011
0 0.413446 0.054825 0.016447 0.016447
0 0.429790 0.052769 0.016242 0.020559
0 0.446752 0.055373 0.018503 0.020285
0 0.465255 0.055921 0.018914 0.020285
0 0.483758 0.055510 0.019326 0.018914
0 0.502981 0.055373 0.018298 0.018092
0 0.520251 0.055921 0.016242 0.018092
0 0.539062 0.056606 0.021793 0.017270
0 0.557566 0.189419 0.019737 0.029057
0 0.539679 0.185581 0.018092 0.035636
0 0.521998 0.174479 0.017270 0.022752
0 0.504009 0.154468 0.031456 0.030976
0 0.421669 0.080455 0.021793 0.033169
0 0.447368 0.108279 0.031661 0.022478
0 0.476562 0.118421 0.025082 0.042215
0 0.495580 0.124452 0.015008 0.029057
0 0.511410 0.124589 0.018298 0.029879
0 0.528166 0.117188 0.016447 0.018914
0 0.542249 0.116913 0.012952 0.022752
0 0.539268 0.076069 0.021793 0.020559
0 0.538857 0.096628 0.021382 0.019463
0 0.440892 0.081140 0.017064 0.030154
0 0.458368 0.081140 0.018298 0.029057
0 0.477796 0.081140 0.020559 0.030154
0 0.494552 0.100603 0.015008 0.017544
0 0.495580 0.078399 0.017887 0.026864
0 0.515214 0.086349 0.027549 0.041667
0 0.540604 0.013706 0.019531 0.026864
0 0.527549 0.036458 0.015214 0.020833
0 0.510280 0.035088 0.020148 0.021382
0 0.489104 0.033991 0.023026 0.020833
0 0.467105 0.032758 0.020970 0.020559
0 0.447266 0.031387 0.020354 0.020011
0 0.428762 0.030428 0.018709 0.018092
0 0.410567 0.030016 0.017270 0.019463
0 0.392784 0.027412 0.019531 0.025219
0 0.392064 0.007950 0.021793 0.015351
0 0.412418 0.010417 0.022615 0.020285
0 0.437911 0.010691 0.027549 0.020833
0 0.463610 0.010965 0.023438 0.021382
0 0.486328 0.011787 0.023643 0.023026
0 0.508738 0.012336 0.021176 0.024123
0 0.533820 0.013021 0.028577 0.025493
