0 0.168277 0.074973 0.011308 0.023849
0 0.148438 0.067297 0.024671 0.045230
0 0.155222 0.052220 0.024260 0.035910
0 0.009560 0.013158 0.018709 0.025768
0 0.015831 0.473958 0.027549 0.027961
0 0.039988 0.490954 0.024877 0.033991
0 0.156867 0.017681 0.027549 0.033717
0 0.009663 0.435718 0.018914 0.025493
0 0.030530 0.438871 0.022410 0.033991
0 0.031970 0.408032 0.022410 0.028235
0 0.031970 0.380482 0.022410 0.028509
0 0.030942 0.352248 0.020354 0.030154
0 0.030428 0.319901 0.022615 0.033991
0 0.009868 0.290159 0.019326 0.026042
0 0.009971 0.319627 0.019531 0.033991
0 0.010280 0.351974 0.020148 0.030154
0 0.010588 0.381305 0.020765 0.027961
0 0.010794 0.407758 0.021176 0.029331
0 0.015008 0.503427 0.025905 0.030976
