0 0.677323 0.437089 0.019531 0.030976
0 0.648849 0.459841 0.022204 0.020011
0 0.657175 0.434073 0.024054 0.023300
0 0.675576 0.866502 0.012336 0.049342
0 0.590769 0.066475 0.032278 0.050713
0 0.675062 0.051672 0.035567 0.036458
0 0.646896 0.155702 0.008018 0.006579
0 0.646793 0.136787 0.016859 0.021930
0 0.662007 0.153646 0.015625 0.030976
0 0.663549 0.267818 0.035156 0.042215
0 0.680510 0.231771 0.024260 0.043037
0 0.687911 0.260417 0.009868 0.009320
0 0.683594 0.187774 0.021382 0.043860
0 0.682155 0.148438 0.024260 0.035910
0 0.705284 0.271793 0.020765 0.051261
0 0.704667 0.205592 0.015008 0.023575
0 0.699322 0.173520 0.008840 0.014803
0 0.679996 0.086075 0.027755 0.035088
0 0.675576 0.468202 0.023026 0.031250
