0 0.679893 0.231634 0.011924 0.069627
0 0.667969 0.208745 0.014803 0.020011
0 0.665913 0.234238 0.009457 0.011787
0 0.688631 0.268229 0.006785 0.015077
0 0.832751 0.035499 0.027755 0.029331
0 0.780325 0.202714 0.028166 0.030976
0 0.778475 0.165022 0.009663 0.010965
0 0.565687 0.951206 0.038035 0.032346
0 0.578742 0.496848 0.014803 0.032621
0 0.561472 0.497670 0.019737 0.035910
0 0.593853 0.548109 0.022410 0.026042
0 0.804174 0.238487 0.020354 0.039474
0 0.800062 0.276179 0.012952 0.037007
0 0.796361 0.309896 0.021587 0.030428
0 0.774363 0.330455 0.021998 0.019463
0 0.751850 0.323054 0.023026 0.015077
0 0.734067 0.302495 0.013775 0.026042
0 0.721012 0.270422 0.015214 0.040844
0 0.735609 0.232867 0.020559 0.036458
0 0.756168 0.207374 0.020970 0.015077
0 0.783409 0.236157 0.021998 0.034814
0 0.758943 0.234923 0.027344 0.038925
0 0.737562 0.270422 0.018298 0.037555
0 0.760691 0.272615 0.029605 0.034814
0 0.784951 0.275768 0.019326 0.040570
0 0.752570 0.302632 0.022410 0.026864
0 0.775391 0.305510 0.022821 0.028783
0 0.767373 0.388295 0.025699 0.033169
0 0.791016 0.388432 0.021998 0.033991
0 0.788857 0.420093 0.020970 0.029879
0 0.766345 0.420367 0.024465 0.031524
0 0.579667 0.522752 0.023232 0.020833
0 0.597759 0.525356 0.017064 0.020011
0 0.590563 0.573465 0.017475 0.025219
0 0.551604 0.556058 0.012747 0.027686
0 0.572985 0.587308 0.019737 0.026590
0 0.569696 0.557840 0.023438 0.031250
0 0.572266 0.537281 0.016653 0.015899
0 0.576275 0.759046 0.018092 0.044956
0 0.584087 0.767818 0.016036 0.039474
0 0.594675 0.787966 0.009252 0.013432
0 0.553660 0.880620 0.026316 0.044134
0 0.568668 0.891173 0.022615 0.034539
0 0.572780 0.980537 0.019737 0.023026
0 0.592825 0.918860 0.014186 0.032895
0 0.606600 0.907895 0.012952 0.019737
0 0.629626 0.905428 0.032689 0.024671
0 0.647924 0.928591 0.022821 0.022204
0 0.670333 0.941475 0.020765 0.023849
0 0.673109 0.964364 0.015214 0.020833
0 0.674856 0.987116 0.018709 0.024671
0 0.656867 0.987390 0.017681 0.024123
0 0.635382 0.987253 0.023643 0.023849
0 0.603721 0.986431 0.038857 0.026042
0 0.593442 0.953810 0.016653 0.037555
0 0.657484 0.958333 0.016859 0.034539
0 0.635999 0.959430 0.026933 0.033443
0 0.611945 0.957785 0.021176 0.031798
0 0.610300 0.928865 0.019942 0.025493
0 0.628598 0.929276 0.017064 0.024123
