0 0.549753 0.403920 0.013980 0.022204
0 0.563939 0.513843 0.010280 0.017270
0 0.624178 0.614035 0.015625 0.025219
0 0.600123 0.775356 0.009457 0.027686
0 0.664988 0.926398 0.014186 0.030976
0 0.689659 0.959019 0.022410 0.034265
0 0.633943 0.924890 0.042146 0.044408
0 0.621094 0.870614 0.024260 0.066338
0 0.640419 0.784814 0.024260 0.022478
0 0.646690 0.747122 0.010074 0.012884
0 0.594470 0.816064 0.005962 0.016996
0 0.360814 0.075932 0.025082 0.029605
0 0.379934 0.043860 0.015625 0.036184
0 0.383121 0.013021 0.021587 0.025493
0 0.357833 0.042215 0.028577 0.035088
0 0.354852 0.012061 0.032484 0.023575
0 0.402447 0.024671 0.027755 0.021382
0 0.426192 0.061266 0.020148 0.047423
0 0.443976 0.110746 0.015419 0.050439
0 0.462685 0.157758 0.024465 0.040844
0 0.464227 0.192297 0.027961 0.028235
0 0.488487 0.236979 0.020559 0.060581
0 0.510280 0.298383 0.023026 0.061678
0 0.511513 0.346491 0.026316 0.033991
0 0.519120 0.378838 0.030016 0.047697
0 0.381373 0.052220 0.015214 0.031524
0 0.376439 0.085526 0.025082 0.034539
0 0.390933 0.117873 0.016653 0.028509
0 0.401933 0.055099 0.027138 0.036732
0 0.402035 0.088130 0.027755 0.030428
0 0.425576 0.110334 0.019737 0.050713
0 0.407689 0.119929 0.018503 0.033169
0 0.426706 0.158169 0.045847 0.041118
0 0.432669 0.192982 0.033100 0.027412
0 0.453022 0.237664 0.050370 0.061404
0 0.474301 0.298383 0.049342 0.062774
0 0.484169 0.346765 0.028783 0.033991
0 0.490543 0.383635 0.028372 0.038651
0 0.433594 0.298383 0.032484 0.060033
0 0.533717 0.423794 0.020559 0.042215
0 0.510074 0.423794 0.027549 0.041667
0 0.527652 0.465735 0.053660 0.042763
0 0.532998 0.499041 0.043380 0.023300
0 0.548931 0.523438 0.019737 0.024397
0 0.548006 0.568257 0.039679 0.036184
0 0.560855 0.607045 0.024671 0.040296
0 0.535670 0.609786 0.026521 0.037007
0 0.565995 0.643229 0.019737 0.030976
0 0.565275 0.673109 0.021176 0.028235
0 0.543072 0.643366 0.027344 0.031250
0 0.543894 0.672971 0.026521 0.030154
0 0.546875 0.698876 0.043174 0.022204
0 0.589227 0.707100 0.020559 0.024945
0 0.597965 0.740269 0.026521 0.040844
0 0.566715 0.718887 0.023643 0.015625
0 0.548211 0.718750 0.014597 0.016447
0 0.560855 0.746025 0.046875 0.035362
0 0.571546 0.777001 0.047697 0.026042
0 0.589638 0.797697 0.016036 0.016447
0 0.571957 0.798383 0.018914 0.016173
0 0.634252 0.973410 0.030016 0.053180
0 0.607627 0.975192 0.024465 0.048520
0 0.599815 0.933388 0.032278 0.031798
0 0.592825 0.904742 0.033100 0.024945
0 0.591694 0.881305 0.028372 0.023575
0 0.569593 0.860197 0.015419 0.046601
0 0.592825 0.847177 0.028988 0.045779
0 0.568565 0.820587 0.019120 0.028235
0 0.585115 0.814830 0.013569 0.017270
