0 0.037500 0.034954 0.022396 0.064352
0 0.012500 0.053241 0.024479 0.038889
0 0.011198 0.150231 0.018229 0.039352
0 0.041146 0.091435 0.016146 0.049537
0 0.141146 0.191204 0.018750 0.047222
0 0.110677 0.246065 0.021354 0.026389
0 0.152474 0.135880 0.020573 0.043056
0 0.328646 0.167593 0.031771 0.047222
0 0.253516 0.071991 0.038802 0.031019
0 0.258724 0.025694 0.014323 0.019907
0 0.140625 0.084028 0.018750 0.024537
0 0.092448 0.530556 0.023958 0.028704
0 0.075651 0.498380 0.019010 0.028241
0 0.106120 0.729630 0.013802 0.021296
0 0.127474 0.708333 0.026823 0.056481
0 0.114193 0.669444 0.037240 0.031481
0 0.309766 0.897222 0.026302 0.062037
0 0.283724 0.758565 0.016406 0.029167
0 0.308724 0.694907 0.016927 0.034259
0 0.270443 0.732176 0.012240 0.023611
0 0.321094 0.822222 0.016146 0.050000
0 0.415365 0.137731 0.024479 0.043981
0 0.387370 0.153241 0.013802 0.022222
0 0.375651 0.136806 0.015365 0.028241
0 0.370443 0.098843 0.027344 0.055093
0 0.391146 0.056944 0.057292 0.052778
0 0.435547 0.056481 0.025260 0.020370
0 0.466146 0.035417 0.028646 0.056944
0 0.421745 0.318056 0.022656 0.034259
0 0.430599 0.362731 0.029427 0.042130
0 0.467448 0.362269 0.021354 0.026389
0 0.457292 0.299306 0.030208 0.053241
0 0.383073 0.688194 0.031771 0.033796
0 0.471224 0.862269 0.057031 0.067130
0 0.478125 0.153472 0.028646 0.048611
0 0.481250 0.207407 0.021875 0.030556
0 0.500521 0.183333 0.021875 0.032407
0 0.505990 0.215509 0.027604 0.035648
0 0.502344 0.265741 0.035417 0.043519
0 0.508073 0.327778 0.018750 0.058333
0 0.519271 0.387731 0.024479 0.039352
0 0.560677 0.382870 0.058854 0.070370
0 0.569401 0.464120 0.032552 0.048611
0 0.519792 0.440972 0.019271 0.033796
0 0.542448 0.448380 0.027083 0.055093
0 0.562891 0.132407 0.014844 0.036111
0 0.605990 0.151389 0.020313 0.038889
0 0.581120 0.193056 0.020052 0.032407
0 0.585547 0.604630 0.016927 0.051852
0 0.560417 0.569907 0.018750 0.057407
0 0.556641 0.631019 0.033073 0.068519
0 0.576823 0.674769 0.018229 0.036574
0 0.552995 0.050694 0.022135 0.031944
0 0.613021 0.668519 0.030729 0.053704
0 0.639193 0.653935 0.051823 0.124537
0 0.712370 0.830093 0.049740 0.062963
0 0.703776 0.781019 0.026302 0.046296
0 0.784245 0.727083 0.023698 0.031944
0 0.788151 0.788194 0.022135 0.031944
0 0.816016 0.889352 0.016406 0.039815
0 0.801172 0.863194 0.016927 0.030093
0 0.821224 0.593519 0.021094 0.041667
0 0.798698 0.538657 0.028125 0.042130
0 0.806641 0.451157 0.043490 0.056019
0 0.762370 0.462269 0.040365 0.044907
0 0.756120 0.402778 0.052344 0.075926
0 0.701172 0.380093 0.055990 0.068519
0 0.699740 0.439583 0.055208 0.054167
0 0.694792 0.318519 0.028646 0.037963
0 0.675000 0.015278 0.048438 0.029630
0 0.680469 0.075694 0.058333 0.036574
0 0.686719 0.148380 0.020833 0.044907
0 0.987891 0.805093 0.024219 0.058333
0 0.870573 0.524769 0.018229 0.046759
0 0.912500 0.609028 0.038542 0.054167
0 0.905339 0.545370 0.019010 0.040741
0 0.941016 0.397454 0.042448 0.080093
0 0.926823 0.362963 0.027083 0.037963
0 0.851042 0.193981 0.025000 0.031481
0 0.941146 0.123380 0.021354 0.051389
0 0.869922 0.133333 0.026302 0.036111
0 0.877995 0.068056 0.024740 0.034259
0 0.978646 0.321296 0.016667 0.023148
1 0.261328 0.256250 0.023177 0.032870
1 0.198698 0.242824 0.022396 0.029167
1 0.138281 0.115741 0.053125 0.091667
1 0.086068 0.304861 0.055990 0.080093
1 0.123958 0.281019 0.049479 0.092593
1 0.123047 0.207870 0.057552 0.109259
1 0.138802 0.377083 0.028646 0.046759
1 0.311328 0.521759 0.042448 0.054630
1 0.030208 0.373380 0.017188 0.027315
1 0.157552 0.531019 0.025000 0.036111
1 0.071224 0.537037 0.067969 0.112037
1 0.018359 0.556019 0.035156 0.092593
1 0.067057 0.640046 0.017969 0.046759
1 0.116927 0.699306 0.043750 0.088426
1 0.011328 0.947685 0.022135 0.097222
1 0.280469 0.712963 0.075521 0.119444
1 0.303516 0.857639 0.053385 0.143981
1 0.344531 0.275000 0.058333 0.100926
1 0.450781 0.034259 0.061979 0.067593
1 0.390885 0.098148 0.072396 0.133333
1 0.489063 0.325926 0.054167 0.071296
1 0.444141 0.328241 0.071094 0.114815
1 0.386068 0.633796 0.042969 0.063889
1 0.370833 0.735880 0.059896 0.095833
1 0.631641 0.653472 0.068490 0.124537
1 0.575391 0.725000 0.048698 0.065741
1 0.699609 0.810880 0.076823 0.108796
1 0.739062 0.582176 0.041146 0.072685
1 0.673568 0.440046 0.027344 0.048611
1 0.540104 0.561343 0.030208 0.048611
1 0.591016 0.679861 0.020052 0.041204
1 0.547786 0.418287 0.084635 0.139352
1 0.690885 0.304861 0.042188 0.068056
0 0.670964 0.245602 0.032552 0.050463
0 0.643490 0.234491 0.021875 0.054167
0 0.649740 0.183102 0.018750 0.035648
1 0.715495 0.113889 0.043490 0.069444
1 0.677604 0.045833 0.064062 0.090741
1 0.728646 0.415972 0.111979 0.155093
1 0.896094 0.880093 0.029167 0.060185
1 0.845833 0.723148 0.023438 0.036111
1 0.994010 0.866667 0.011458 0.039815
1 0.831250 0.951157 0.039583 0.067130
1 0.771745 0.556250 0.026302 0.042130
1 0.778646 0.757639 0.042708 0.099537
1 0.797526 0.870833 0.054427 0.090741
1 0.559896 0.596296 0.071875 0.139815
