0 0.027995 0.293519 0.021094 0.034259
0 0.154167 0.243519 0.030208 0.031481
0 0.166146 0.209954 0.023958 0.040278
0 0.157422 0.171528 0.018490 0.043056
0 0.141667 0.140278 0.020833 0.027778
0 0.216146 0.179167 0.020833 0.032407
0 0.167448 0.483102 0.029687 0.033796
0 0.124349 0.531481 0.032552 0.101852
0 0.159896 0.722685 0.031771 0.034259
0 0.190495 0.687269 0.018490 0.043056
0 0.146745 0.850463 0.020573 0.037037
0 0.137370 0.822917 0.017448 0.046759
0 0.144792 0.603241 0.021875 0.043519
0 0.381901 0.731944 0.012760 0.029630
0 0.449740 0.696991 0.022396 0.049537
0 0.428125 0.688194 0.016146 0.031944
0 0.483464 0.612269 0.026823 0.061574
0 0.423047 0.605556 0.016406 0.035185
0 0.395573 0.552778 0.022917 0.027778
0 0.399219 0.439815 0.015625 0.029630
0 0.460547 0.446759 0.027865 0.036111
0 0.383464 0.218519 0.017448 0.037963
0 0.348438 0.184722 0.034375 0.051852
0 0.423438 0.051157 0.027083 0.031019
0 0.401172 0.027778 0.013281 0.033333
0 0.458724 0.359954 0.020573 0.030093
1 0.150260 0.031019 0.052604 0.061111
1 0.042969 0.137037 0.045312 0.074074
1 0.026562 0.267824 0.044792 0.087500
1 0.155208 0.227083 0.044271 0.073611
1 0.127344 0.149537 0.046875 0.075926
1 0.120964 0.369907 0.026823 0.050926
1 0.165625 0.324769 0.064583 0.092130
1 0.162240 0.462269 0.049479 0.075463
1 0.115365 0.530093 0.051562 0.098148
1 0.173177 0.678704 0.058333 0.127778
1 0.154297 0.920833 0.050781 0.068519
1 0.161719 0.835648 0.068229 0.097222
1 0.308333 0.117130 0.042188 0.062963
1 0.415885 0.034259 0.045312 0.067593
1 0.374479 0.296991 0.023958 0.043981
1 0.403385 0.212037 0.022396 0.037037
1 0.366797 0.214120 0.072135 0.114352
1 0.251693 0.521759 0.036719 0.067593
1 0.462500 0.343287 0.043229 0.063426
1 0.411198 0.519907 0.032813 0.049074
1 0.411719 0.459259 0.041146 0.079630