0 0.685677 0.148611 0.018750 0.036111
0 0.727474 0.127083 0.025260 0.031944
0 0.756771 0.136806 0.023958 0.031944
0 0.807422 0.040278 0.013281 0.027778
0 0.742969 0.019444 0.018750 0.026852
0 0.745313 0.272917 0.047396 0.062500
0 0.698438 0.335880 0.037500 0.043981
0 0.638021 0.422917 0.018750 0.044907
0 0.682292 0.401157 0.023958 0.044907
0 0.725521 0.377778 0.043750 0.047222
0 0.756250 0.320370 0.018750 0.036111
0 0.734896 0.423380 0.015625 0.030093
0 0.752995 0.449306 0.019531 0.068056
0 0.747526 0.496759 0.041406 0.052778
0 0.749219 0.559028 0.017188 0.026389
0 0.729948 0.593056 0.020833 0.038889
0 0.729297 0.556944 0.024740 0.037037
0 0.692969 0.544907 0.024479 0.040741
0 0.736719 0.635648 0.025521 0.051852
0 0.692318 0.665509 0.023177 0.033796
0 0.657422 0.935648 0.049219 0.062037
0 0.700651 0.928009 0.036198 0.048611
0 0.697917 0.856019 0.044271 0.092593
0 0.772396 0.973843 0.016667 0.044907
0 0.795443 0.930093 0.033594 0.046296
0 0.793620 0.965741 0.024740 0.037963
0 0.811849 0.990278 0.028385 0.017593
0 0.917839 0.972222 0.026823 0.053704
0 0.817448 0.888194 0.025000 0.043056
0 0.869792 0.893519 0.024479 0.032407
0 0.864844 0.945370 0.016146 0.037963
0 0.921224 0.973380 0.026302 0.045833
0 0.843099 0.973380 0.029427 0.031019
0 0.989323 0.759954 0.019271 0.031019
0 0.961198 0.750926 0.030208 0.062037
0 0.978125 0.633333 0.027083 0.035185
0 0.972266 0.672685 0.035156 0.049074
0 0.938542 0.640972 0.028125 0.038426
0 0.947917 0.607407 0.022917 0.038889
0 0.823047 0.761806 0.030469 0.043056
0 0.821875 0.823611 0.033333 0.037963
0 0.863021 0.824769 0.022917 0.047685
0 0.843620 0.640278 0.064844 0.037963
0 0.811198 0.586343 0.028125 0.072685
0 0.906120 0.607407 0.026302 0.041667
0 0.906771 0.562269 0.025000 0.035648
0 0.938021 0.559491 0.022396 0.033796
0 0.993620 0.509028 0.011719 0.053241
0 0.818620 0.524306 0.022135 0.043981
0 0.864974 0.549769 0.063802 0.094907
0 0.876693 0.492593 0.030990 0.044444
0 0.916797 0.466667 0.021094 0.041667
0 0.868620 0.428472 0.024219 0.053241
0 0.879948 0.302315 0.025000 0.034259
0 0.888542 0.340972 0.046875 0.066204
0 0.983464 0.374769 0.033073 0.067130
0 0.989974 0.310880 0.019010 0.031019
0 0.928646 0.285417 0.027083 0.043981
0 0.910026 0.196991 0.040365 0.061574
0 0.949349 0.180093 0.017448 0.028704
0 0.987240 0.200694 0.022917 0.040278
0 0.955599 0.094907 0.026302 0.040741
0 0.995313 0.087269 0.008854 0.040278
1 0.646745 0.413889 0.039323 0.072222
1 0.706771 0.371065 0.082812 0.117130
1 0.743880 0.301620 0.056510 0.115278
1 0.796875 0.033565 0.040104 0.058796
1 0.668750 0.176389 0.056771 0.094444
1 0.675391 0.091667 0.042448 0.062037
1 0.672396 0.271065 0.020833 0.038426
1 0.715104 0.023843 0.080729 0.046759
1 0.759375 0.118519 0.034375 0.064815
1 0.747526 0.465741 0.044010 0.114815
1 0.718620 0.562963 0.079427 0.096296
1 0.687370 0.657176 0.032031 0.055093
1 0.723698 0.637500 0.052083 0.060185
1 0.676562 0.888889 0.089063 0.161111
1 0.711589 0.778472 0.032031 0.064352
1 0.660156 0.742361 0.020833 0.033796
1 0.744792 0.976852 0.026042 0.041667
2 0.786458 0.984259 0.028125 0.029630
1 0.827344 0.695370 0.059896 0.080556
1 0.902083 0.120833 0.030208 0.056481
1 0.918750 0.058565 0.030208 0.055093
2 0.926172 0.102546 0.022135 0.033796
2 0.956771 0.154861 0.014583 0.029167
2 0.962630 0.015046 0.020573 0.028241
2 0.966927 0.113194 0.019792 0.042130
2 0.977604 0.084722 0.010417 0.027778
2 0.983594 0.054630 0.010937 0.014815
2 0.965625 0.039815 0.015625 0.014815
2 0.907031 0.275231 0.017188 0.032870
2 0.918490 0.224769 0.043750 0.065278
2 0.953906 0.203704 0.013021 0.027778
2 0.953125 0.277546 0.023958 0.043981
2 0.968229 0.264815 0.020833 0.040741
2 0.944401 0.342130 0.016406 0.050926
2 0.956641 0.324074 0.020573 0.025926
2 0.973568 0.319907 0.023177 0.049074
2 0.952865 0.236806 0.013021 0.027315
2 0.879036 0.406713 0.027865 0.069907
2 0.902604 0.418287 0.035937 0.081019
2 0.909505 0.330093 0.020052 0.027778
2 0.995443 0.463426 0.009115 0.025926
2 0.988411 0.542593 0.023177 0.068519
2 0.880729 0.463657 0.022917 0.037500
1 0.835807 0.487731 0.058073 0.113426
2 0.906641 0.528935 0.027865 0.036574
2 0.899609 0.488657 0.022656 0.064352
2 0.839844 0.606944 0.038021 0.044444
2 0.880729 0.598148 0.033854 0.042593
2 0.860417 0.621065 0.021875 0.026389
2 0.922656 0.558565 0.018229 0.041204
2 0.938542 0.518287 0.030208 0.057870
2 0.949089 0.471065 0.035156 0.047685
2 0.931250 0.606250 0.020313 0.033796
2 0.851693 0.774769 0.041406 0.067130
2 0.907161 0.759954 0.023177 0.031019
2 0.913021 0.788889 0.026562 0.027778
2 0.934505 0.761574 0.034115 0.055556
2 0.983594 0.736574 0.019271 0.047222
2 0.969792 0.718519 0.019792 0.024074
2 0.827083 0.592130 0.015625 0.057407
2 0.797526 0.892824 0.016927 0.030093
2 0.816146 0.965278 0.033854 0.056481
2 0.816406 0.922685 0.023958 0.054630
2 0.822396 0.850694 0.030729 0.040278
2 0.831641 0.878241 0.022656 0.028704
2 0.842708 0.853935 0.020313 0.035648
2 0.846354 0.815972 0.019792 0.043056
2 0.867188 0.857407 0.035937 0.039815
2 0.882552 0.940741 0.022396 0.048148
2 0.902734 0.910648 0.033073 0.065741
2 0.923438 0.841898 0.022917 0.042130
2 0.955729 0.868750 0.020833 0.041204
2 0.943490 0.832639 0.023438 0.073611
2 0.980208 0.789352 0.028646 0.034259
2 0.965365 0.803935 0.019271 0.031944
2 0.984635 0.824537 0.030208 0.037963
2 0.860547 0.984259 0.050781 0.029630
2 0.896094 0.984028 0.020313 0.029167
2 0.944922 0.937037 0.017969 0.027778
2 0.953255 0.985185 0.016406 0.027778
2 0.991797 0.936574 0.013802 0.038889
