0 0.486385 0.441064 0.040387 0.062500
0 0.411824 0.411458 0.074744 0.140351
0 0.400950 0.242736 0.054825 0.097862
0 0.350146 0.151727 0.055190 0.065515
0 0.390808 0.035362 0.063414 0.070175
0 0.413469 0.498218 0.034905 0.047971
0 0.241959 0.036870 0.064693 0.073191
0 0.364766 0.472451 0.029971 0.026042
0 0.468202 0.069490 0.025585 0.049068
0 0.406981 0.160636 0.027778 0.042763
0 0.395102 0.628015 0.020833 0.031798
0 0.987116 0.687774 0.025768 0.072368
0 0.957694 0.622122 0.043311 0.068257
0 0.937317 0.679139 0.054094 0.064419
0 0.881762 0.684073 0.047515 0.074287
0 0.797606 0.718750 0.035270 0.039474
0 0.819262 0.677220 0.066520 0.080866
0 0.758041 0.579496 0.055190 0.095395
0 0.827668 0.529605 0.084795 0.121162
0 0.777778 0.496299 0.031433 0.050164
0 0.896016 0.496299 0.049342 0.071546
0 0.858187 0.464638 0.048977 0.044408
0 0.949196 0.468750 0.062865 0.073465
0 0.973501 0.402961 0.036915 0.049342
0 0.870157 0.413377 0.047697 0.064693
0 0.828399 0.410225 0.028509 0.045779
0 0.791484 0.364172 0.032164 0.051261
0 0.699653 0.447505 0.065241 0.083059
0 0.740223 0.445175 0.025768 0.040570
0 0.773300 0.395285 0.019920 0.024123
0 0.920504 0.391584 0.050073 0.060033
0 0.932200 0.354304 0.056652 0.073191
0 0.882675 0.329770 0.070541 0.069079
0 0.954404 0.248081 0.091192 0.114035
0 0.926078 0.171601 0.029423 0.048794
0 0.871254 0.234786 0.021016 0.027138
0 0.902230 0.281387 0.052632 0.068257
0 0.730629 0.312226 0.061769 0.075110
0 0.764620 0.269463 0.040570 0.065789
0 0.812135 0.230400 0.050439 0.081963
0 0.770925 0.213542 0.062317 0.084978
0 0.712902 0.264391 0.059942 0.049616
0 0.799525 0.159951 0.036915 0.050713
0 0.835618 0.200247 0.018092 0.027138
0 0.987664 0.177769 0.024671 0.061678
0 0.986111 0.112390 0.027778 0.055921
0 0.971126 0.047697 0.057749 0.088816
0 0.786001 0.047560 0.058845 0.087445
0 0.793586 0.115954 0.033808 0.051535
0 0.760965 0.016859 0.027412 0.033169
0 0.713268 0.038788 0.057018 0.074836
0 0.881853 0.146793 0.060855 0.051261
0 0.888889 0.088816 0.062865 0.093202
0 0.821729 0.137610 0.033077 0.053728
0 0.844664 0.101562 0.051535 0.067160
0 0.898026 0.021107 0.046784 0.041667
0 0.889072 0.037007 0.032529 0.032895
0 0.841923 0.036184 0.062500 0.071820
