0 0.108187 0.249315 0.063596 0.088542
0 0.156250 0.267133 0.057018 0.095669
0 0.174068 0.398163 0.033077 0.049068
0 0.407255 0.152001 0.039656 0.070998
0 0.314693 0.059348 0.056652 0.086897
0 0.349963 0.034265 0.044225 0.067982
0 0.351151 0.102796 0.047332 0.071272
0 0.385051 0.105674 0.025950 0.049068
0 0.371893 0.062363 0.034357 0.047423
0 0.235746 0.011787 0.025219 0.023026
0 0.328308 0.268229 0.036001 0.083059
0 0.305373 0.279742 0.044225 0.063871
0 0.354989 0.194627 0.031250 0.057566
0 0.328125 0.268366 0.036367 0.080592
0 0.346217 0.240406 0.021747 0.050987
0 0.366045 0.244106 0.022661 0.043586
0 0.404240 0.228481 0.051901 0.087445
0 0.366959 0.338542 0.068713 0.101974
0 0.360928 0.277686 0.022661 0.024671
0 0.414748 0.305510 0.041849 0.056743
0 0.150950 0.113898 0.020833 0.028235
0 0.162646 0.153235 0.019371 0.022478
0 0.155336 0.566612 0.042032 0.066886
0 0.324379 0.499863 0.059942 0.081963
0 0.393366 0.461349 0.030154 0.041667
0 0.394920 0.424890 0.032529 0.042215
0 0.372442 0.363076 0.025219 0.044134
0 0.295322 0.633498 0.015716 0.026864
0 0.312957 0.631168 0.010417 0.017270
0 0.145651 0.804825 0.017909 0.031250
0 0.149945 0.882950 0.027230 0.040570
0 0.167672 0.909814 0.037463 0.057018
0 0.279240 0.923520 0.050804 0.088268
0 0.288103 0.737253 0.052814 0.085252
0 0.307018 0.767133 0.031067 0.050164
0 0.329678 0.777686 0.039839 0.050439
0 0.351791 0.830044 0.024488 0.068531
0 0.368238 0.813459 0.053363 0.074287
0 0.408808 0.914337 0.053363 0.092928
0 0.365588 0.908169 0.040022 0.047149
0 0.361294 0.868558 0.041301 0.043586
0 0.335892 0.954496 0.034357 0.047149
0 0.310124 0.984786 0.038743 0.030428
0 0.372259 0.742050 0.025585 0.053180
0 0.334795 0.732456 0.021564 0.033443
0 0.449653 0.773438 0.033443 0.051809
0 0.544682 0.701480 0.046235 0.063048
0 0.469207 0.598684 0.048063 0.070175
0 0.556926 0.641584 0.026864 0.040844
0 0.410727 0.542489 0.050256 0.069079
0 0.393092 0.555647 0.043129 0.052083
0 0.419773 0.479030 0.055190 0.066064
0 0.432383 0.382538 0.078582 0.131853
0 0.514711 0.311952 0.025768 0.038377
0 0.488852 0.289337 0.048246 0.049068
0 0.520833 0.243421 0.067617 0.080044
0 0.463907 0.165981 0.037463 0.044134
0 0.514894 0.162007 0.045139 0.055373
0 0.573922 0.122807 0.040753 0.068531
0 0.414017 0.105537 0.021382 0.035088
0 0.372350 0.428043 0.023940 0.039748
0 0.365497 0.463130 0.025219 0.028235
0 0.977339 0.281524 0.045322 0.078399
0 0.897752 0.270148 0.076206 0.044134
0 0.958333 0.112664 0.033626 0.069627
0 0.977705 0.497396 0.044591 0.092928
0 0.951389 0.644463 0.070175 0.071272
0 0.951480 0.907484 0.088999 0.115406
