0 0.289931 0.886513 0.050621 0.061952
0 0.311129 0.792352 0.055373 0.071546
0 0.354624 0.888021 0.044042 0.063871
0 0.340826 0.848547 0.023026 0.034814
0 0.365680 0.833196 0.043860 0.060033
0 0.353618 0.796053 0.029240 0.036184
0 0.362482 0.744518 0.040387 0.063596
0 0.345760 0.697780 0.052997 0.072094
0 0.376188 0.698739 0.027230 0.035636
0 0.394828 0.737664 0.030154 0.054276
0 0.121985 0.641173 0.029057 0.047149
0 0.150402 0.604578 0.032895 0.057292
0 0.274306 0.626919 0.034357 0.052083
0 0.302266 0.622533 0.042032 0.066886
0 0.389437 0.657484 0.017178 0.029331
0 0.428088 0.739995 0.041849 0.064967
0 0.427449 0.690927 0.041301 0.038103
0 0.452942 0.745751 0.034174 0.055647
0 0.449744 0.574698 0.031067 0.032072
0 0.486477 0.402549 0.045687 0.067708
0 0.472131 0.377193 0.019189 0.029057
0 0.490406 0.350740 0.025037 0.027138
0 0.391630 0.376234 0.029971 0.041941
0 0.436404 0.302220 0.042398 0.064967
0 0.391356 0.308936 0.041484 0.052083
0 0.412007 0.357867 0.018823 0.029879
0 0.378929 0.344984 0.026864 0.038651
0 0.411458 0.475466 0.036367 0.054002
0 0.431195 0.460252 0.038560 0.057566
0 0.423246 0.422971 0.019737 0.031250
0 0.464730 0.351288 0.029971 0.036458
0 0.444170 0.551398 0.038560 0.032072
0 0.271838 0.506305 0.025402 0.029605
0 0.288651 0.487253 0.056104 0.056743
0 0.281250 0.435855 0.046053 0.046601
0 0.262061 0.405839 0.028874 0.038651
0 0.297880 0.387884 0.034722 0.047149
0 0.257950 0.343202 0.023575 0.034539
0 0.313871 0.318805 0.041484 0.064693
0 0.353893 0.356497 0.038194 0.052906
0 0.226517 0.374863 0.019920 0.029331
0 0.226517 0.268229 0.040753 0.067160
0 0.224963 0.316064 0.038743 0.029605
0 0.269280 0.264803 0.033808 0.055921
0 0.286458 0.291667 0.039656 0.053728
0 0.217928 0.511376 0.024306 0.033717
0 0.191886 0.163514 0.073830 0.081414
0 0.258132 0.142955 0.045870 0.068805
0 0.312500 0.037281 0.051901 0.074013
0 0.361842 0.116365 0.030702 0.039748
0 0.365040 0.015214 0.019554 0.029879
0 0.394463 0.028098 0.031250 0.051261
0 0.410910 0.149260 0.018092 0.029331
0 0.365680 0.181332 0.068348 0.114857
0 0.400311 0.202303 0.033077 0.050987
0 0.337628 0.231908 0.023575 0.033991
0 0.296144 0.220395 0.023575 0.046601
0 0.391265 0.249178 0.025950 0.038925
0 0.399580 0.222862 0.012975 0.027961
0 0.445084 0.232593 0.054276 0.083059
0 0.426901 0.190927 0.023026 0.057840
0 0.440698 0.164748 0.021747 0.031250
0 0.453765 0.143640 0.024854 0.027412
0 0.480629 0.121299 0.027047 0.038103
0 0.464364 0.107045 0.047880 0.051809
0 0.449379 0.068257 0.015716 0.033991
0 0.398849 0.080044 0.016265 0.028509
0 0.471491 0.172012 0.025585 0.039748
0 0.545504 0.163788 0.013889 0.021107
0 0.568896 0.129386 0.015351 0.019737
0 0.578125 0.101700 0.016996 0.022478
0 0.534083 0.032072 0.026499 0.043860
0 0.540296 0.009457 0.028326 0.018366
0 0.949013 0.928728 0.032164 0.046053
0 0.960161 0.973684 0.043860 0.052632
0 0.847770 0.967516 0.027778 0.063871
0 0.907895 0.869655 0.031433 0.068805
0 0.878472 0.868010 0.017909 0.024397
0 0.818896 0.908306 0.021199 0.030428
0 0.799799 0.877604 0.039656 0.050713
0 0.786367 0.829221 0.031433 0.043860
0 0.722405 0.880208 0.053363 0.080592
0 0.707511 0.801809 0.040753 0.065789
0 0.738121 0.731223 0.049708 0.062774
0 0.796510 0.795093 0.047697 0.063322
0 0.841466 0.780976 0.055738 0.082785
0 0.820175 0.713268 0.068348 0.120066
0 0.895285 0.786047 0.052266 0.095669
0 0.858004 0.801946 0.042398 0.094572
0 0.890260 0.707785 0.040753 0.061404
0 0.859010 0.719298 0.021382 0.035088
0 0.856542 0.650082 0.080044 0.104441
0 0.800073 0.619655 0.080775 0.111020
0 0.960344 0.846080 0.073830 0.086897
0 0.985837 0.694079 0.028326 0.039474
0 0.926809 0.630482 0.061586 0.083882
0 0.831871 0.556195 0.020833 0.032895
0 0.887701 0.567571 0.025402 0.042489
0 0.905519 0.541393 0.023026 0.038925
0 0.987208 0.536870 0.025585 0.047971
0 0.967471 0.403646 0.065058 0.077029
0 0.985928 0.342928 0.028143 0.050439
0 0.927814 0.349918 0.022661 0.045230
0 0.845029 0.444353 0.031433 0.047149
0 0.927632 0.506853 0.051170 0.053728
0 0.957602 0.482593 0.042398 0.035910
0 0.915662 0.462171 0.034539 0.040570
0 0.969298 0.457374 0.046784 0.042489
0 0.917124 0.391584 0.024306 0.049068
0 0.899123 0.360609 0.026316 0.035362
0 0.964455 0.404331 0.062317 0.077303
0 0.826389 0.422423 0.038377 0.059759
0 0.863304 0.311129 0.033260 0.048246
0 0.849141 0.284128 0.030519 0.038651
0 0.875000 0.270559 0.021564 0.030154
0 0.883406 0.292900 0.018640 0.020011
0 0.894189 0.326343 0.039474 0.037555
0 0.978162 0.250822 0.043677 0.105811
0 0.917215 0.185033 0.022295 0.032895
0 0.980080 0.160088 0.039839 0.068531
0 0.949836 0.174890 0.022844 0.031250
0 0.983644 0.050987 0.032712 0.057018
0 0.930830 0.021245 0.051352 0.041941
0 0.975420 0.019052 0.049159 0.037555
0 0.918037 0.050713 0.034539 0.060307
0 0.893914 0.036732 0.031981 0.029057
0 0.891447 0.081826 0.038012 0.057840
0 0.893732 0.123218 0.018823 0.030976
0 0.911915 0.125548 0.022295 0.037829
0 0.839912 0.184485 0.011696 0.014803
0 0.850969 0.176124 0.010417 0.015077
0 0.838359 0.019600 0.023940 0.033717
0 0.873538 0.019600 0.038743 0.030428
