0 0.175347 0.903235 0.052083 0.071820
0 0.129751 0.915844 0.060673 0.073465
0 0.059667 0.772478 0.035636 0.058662
0 0.017087 0.721354 0.031981 0.043037
0 0.012610 0.884868 0.024854 0.043860
0 0.214547 0.762747 0.035819 0.055647
0 0.143914 0.755208 0.055373 0.073465
0 0.222953 0.817023 0.027778 0.052906
0 0.234192 0.861431 0.024306 0.039748
0 0.262518 0.986842 0.027595 0.026316
0 0.422697 0.772889 0.032529 0.050713
0 0.387610 0.785636 0.042032 0.040570
0 0.401407 0.728618 0.052083 0.096491
0 0.377376 0.752056 0.029605 0.030428
0 0.430099 0.705044 0.034539 0.049342
0 0.371345 0.620888 0.036915 0.057566
0 0.280976 0.668448 0.029423 0.030976
0 0.174342 0.585663 0.048977 0.063322
0 0.373995 0.653920 0.017361 0.018366
0 0.391721 0.624315 0.018823 0.024945
0 0.353710 0.566064 0.039291 0.056469
0 0.393732 0.571409 0.046235 0.060581
0 0.236842 0.590598 0.031067 0.042489
0 0.358827 0.482045 0.055007 0.084156
0 0.358918 0.531798 0.041301 0.038377
0 0.178088 0.530016 0.052083 0.069353
0 0.229806 0.515762 0.048794 0.086897
0 0.297789 0.491913 0.030519 0.041393
0 0.327303 0.426535 0.052997 0.079496
0 0.285545 0.439145 0.059393 0.091009
0 0.228527 0.431469 0.067434 0.095395
0 0.164108 0.441886 0.036550 0.047697
0 0.187957 0.424616 0.025402 0.030702
0 0.427540 0.470806 0.015899 0.024397
0 0.398757 0.410225 0.036184 0.042489
0 0.433023 0.421738 0.026864 0.041941
0 0.196912 0.369929 0.060855 0.082511
0 0.272021 0.355263 0.058297 0.085526
0 0.275219 0.202988 0.051535 0.067160
0 0.311495 0.219709 0.037098 0.037555
0 0.337171 0.197917 0.045687 0.030702
0 0.350420 0.242325 0.041484 0.057566
0 0.380482 0.292626 0.040936 0.068805
0 0.418677 0.293311 0.032529 0.047149
0 0.404423 0.257812 0.039839 0.051261
0 0.381762 0.214912 0.041301 0.046053
0 0.375822 0.178865 0.034905 0.040844
0 0.397478 0.184211 0.017178 0.025768
0 0.427906 0.222039 0.014437 0.026316
0 0.161550 0.116091 0.036550 0.063871
0 0.262061 0.132675 0.061404 0.080044
0 0.298154 0.157621 0.013706 0.019189
0 0.298611 0.140488 0.009868 0.017270
0 0.293494 0.079084 0.031433 0.066612
0 0.406798 0.177083 0.013523 0.027412
0 0.479715 0.429688 0.019006 0.028235
0 0.478618 0.375137 0.043860 0.066612
0 0.488213 0.302083 0.031615 0.041667
0 0.427266 0.185855 0.024854 0.035088
0 0.414200 0.145696 0.017727 0.050164
0 0.430647 0.120614 0.019554 0.034539
0 0.428637 0.156113 0.010051 0.022204
0 0.438140 0.156250 0.015899 0.028509
0 0.451937 0.172149 0.019371 0.027412
0 0.470212 0.145011 0.025950 0.036732
0 0.454587 0.128838 0.044773 0.046601
0 0.444536 0.098410 0.024306 0.048246
0 0.477613 0.098958 0.040387 0.063596
0 0.493878 0.136513 0.019189 0.025768
0 0.472222 0.070038 0.028509 0.030976
0 0.402869 0.014803 0.035636 0.029057
0 0.440607 0.009731 0.032895 0.018914
0 0.016173 0.129660 0.031981 0.087171
0 0.175164 0.024534 0.041484 0.048520
0 0.115680 0.028920 0.054825 0.057292
0 0.076937 0.023163 0.040570 0.045779
0 0.123264 0.099644 0.040022 0.050713
0 0.451572 0.908443 0.025219 0.039474
0 0.432018 0.935718 0.031433 0.060033
0 0.497716 0.972862 0.023575 0.053728
0 0.476243 0.711486 0.027047 0.034265
0 0.439967 0.742325 0.023575 0.030154
0 0.439784 0.664062 0.038194 0.058388
0 0.432018 0.631305 0.026316 0.032346
0 0.473593 0.670641 0.030154 0.050164
0 0.414748 0.450795 0.019189 0.028235
0 0.985928 0.635280 0.028143 0.046875
0 0.932018 0.663103 0.044225 0.073465
0 0.859923 0.632538 0.027961 0.037007
0 0.818713 0.650905 0.040936 0.054550
0 0.840186 0.674479 0.021382 0.024397
