0 0.522752 0.057566 0.030519 0.050987
0 0.510508 0.110746 0.028326 0.041118
0 0.529057 0.146107 0.031433 0.064693
0 0.465004 0.226014 0.054642 0.085800
0 0.540113 0.342105 0.032712 0.052632
0 0.485746 0.302083 0.019371 0.028509
0 0.517270 0.410499 0.016265 0.027138
0 0.481086 0.100192 0.043677 0.077577
0 0.376919 0.048246 0.028326 0.037829
0 0.426992 0.108827 0.048063 0.074013
0 0.404514 0.100740 0.024671 0.037555
0 0.382401 0.098821 0.032346 0.040844
0 0.434942 0.383909 0.017178 0.024397
0 0.407986 0.414885 0.049525 0.059485
0 0.379569 0.382127 0.040936 0.061404
0 0.325749 0.378289 0.034539 0.055373
0 0.350694 0.302769 0.033991 0.055647
0 0.295230 0.214364 0.028326 0.045504
0 0.343476 0.111157 0.050621 0.061129
0 0.313871 0.049342 0.015168 0.023026
0 0.521290 0.490543 0.023940 0.037007
0 0.354898 0.479578 0.028874 0.056743
0 0.414474 0.558525 0.031067 0.039748
0 0.422240 0.541118 0.025037 0.033991
0 0.457602 0.572505 0.017544 0.021107
0 0.496893 0.582648 0.029605 0.043037
0 0.502376 0.605126 0.023026 0.033169
0 0.507767 0.535499 0.028692 0.058388
0 0.455501 0.636924 0.028326 0.038103
0 0.478436 0.654468 0.021564 0.035362
0 0.473593 0.711760 0.043677 0.056195
0 0.432109 0.710938 0.048428 0.060581
0 0.435307 0.745203 0.025950 0.033169
0 0.458333 0.736020 0.024488 0.040570
0 0.359375 0.654331 0.039291 0.058114
0 0.388615 0.615817 0.048794 0.055099
0 0.352065 0.589501 0.031250 0.055099
0 0.375457 0.735746 0.050987 0.069079
0 0.401407 0.769463 0.064876 0.092654
0 0.446820 0.784402 0.042032 0.059485
0 0.424890 0.858964 0.056287 0.086897
0 0.478253 0.855263 0.034722 0.046601
0 0.447643 0.786047 0.040022 0.058936
0 0.498447 0.840872 0.029788 0.062226
0 0.528783 0.823739 0.026499 0.028509
0 0.520194 0.854167 0.022113 0.035636
0 0.560855 0.827714 0.036550 0.055647
0 0.508498 0.890899 0.029788 0.044956
0 0.478710 0.908032 0.035270 0.044134
0 0.476882 0.946683 0.036732 0.043037
0 0.541849 0.987802 0.019006 0.024397
0 0.559850 0.991365 0.019554 0.017270
0 0.388798 0.906798 0.053911 0.075658
0 0.383955 0.873766 0.026681 0.029879
0 0.364126 0.850877 0.040387 0.058662
0 0.303819 0.872807 0.047332 0.053180
0 0.308936 0.774397 0.034905 0.050987
0 0.337080 0.793997 0.039656 0.049616
0 0.482456 0.879660 0.019371 0.026864
0 0.305738 0.874589 0.039839 0.052357
0 0.255208 0.962582 0.045870 0.066064
0 0.199653 0.960526 0.057931 0.077851
0 0.171144 0.864583 0.068165 0.092654
0 0.199744 0.897752 0.029971 0.049342
0 0.153874 0.978618 0.030702 0.042763
0 0.107822 0.925713 0.042032 0.054825
0 0.232639 0.906250 0.031433 0.060855
0 0.231268 0.774260 0.066703 0.084704
0 0.272295 0.704633 0.041667 0.055647
0 0.243147 0.711349 0.037829 0.050439
0 0.181012 0.652001 0.043677 0.063322
0 0.203216 0.628975 0.021199 0.029331
0 0.242050 0.638295 0.055738 0.085800
0 0.240863 0.677632 0.031067 0.027412
0 0.251096 0.563048 0.056652 0.068531
0 0.280428 0.607456 0.060855 0.064693
0 0.282529 0.564556 0.038012 0.054550
0 0.285727 0.511239 0.064145 0.082237
0 0.267452 0.472177 0.030885 0.038103
0 0.240863 0.438459 0.050439 0.077029
0 0.165387 0.435170 0.041301 0.061129
0 0.156981 0.545093 0.054825 0.073739
0 0.164474 0.490269 0.040936 0.061129
0 0.221948 0.276727 0.054276 0.080318
0 0.227339 0.324013 0.048246 0.058114
0 0.175347 0.144052 0.047332 0.085252
0 0.198465 0.147478 0.057749 0.063596
0 0.196912 0.188734 0.050621 0.045779
0 0.220760 0.207237 0.028874 0.032346
0 0.239035 0.169956 0.044591 0.071820
0 0.254934 0.116228 0.064327 0.076206
0 0.261696 0.190927 0.057018 0.092928
0 0.261970 0.250137 0.025768 0.032072
0 0.247350 0.020970 0.049525 0.041393
0 0.045322 0.077988 0.081140 0.098958
0 0.072003 0.135005 0.031067 0.035362
0 0.062226 0.264666 0.058297 0.077577
0 0.039656 0.316064 0.075292 0.087171
0 0.034357 0.272341 0.023757 0.038651
0 0.005574 0.406387 0.010782 0.051809
0 0.010325 0.459156 0.020285 0.044956
0 0.034174 0.466694 0.036915 0.052906
0 0.019920 0.521793 0.039474 0.060033
0 0.104624 0.528920 0.046235 0.057840
0 0.017178 0.576069 0.024123 0.024397
0 0.009868 0.610334 0.019371 0.035362
0 0.049068 0.594298 0.041849 0.059759
0 0.033352 0.624863 0.042580 0.052906
0 0.011879 0.654879 0.023392 0.030702
0 0.164565 0.537007 0.037463 0.054276
0 0.147661 0.548109 0.033626 0.058936
0 0.019828 0.724918 0.039291 0.052906
0 0.059028 0.692845 0.038743 0.049068
0 0.082602 0.729852 0.050073 0.063871
0 0.057018 0.787555 0.059211 0.095943
0 0.009229 0.789474 0.018092 0.040022
0 0.020742 0.827303 0.033808 0.045504
0 0.103253 0.801946 0.060307 0.074836
0 0.108187 0.754660 0.043860 0.054276
